   1 0.00000000 -49.21022931 -49.19382674 -49.19368931 -49.19095511 -19.02273781 -18.98724255 -18.98285568 -18.78717563 -18.76570462 -18.72974026 -18.72774098 -18.72084588 -18.69784877 -18.62983350 -18.61479591 -18.60800948 -7.14765139 -5.76382554 -5.75424856 -5.59159255 -5.33955205 -5.22404591 -5.11084603 -5.08543703 5.36642997 5.44123908 5.80263668 6.17620577 6.32164425 6.40199640 7.50420745 7.58669506 7.78641962 7.91475108 8.21249035 8.41089993 8.43094977 8.87457708 9.05671383 9.14620736 9.28937066 9.52979810 9.54633408 9.67690645 10.09202648 10.51248759 10.56372093 10.69852282 15.93506021 16.01539645 16.31798328 16.32579302 16.40016397 16.57439393 16.77030745 16.85710707 17.08192877 17.33793821
   2 0.09290700 -49.20346790 -49.20340322 -49.19094072 -49.19089646 -18.91719619 -18.91716011 -18.88500444 -18.88499469 -18.82671342 -18.82664579 -18.71609112 -18.71605114 -18.65165271 -18.65162838 -18.65013523 -18.65012368 -6.41743927 -6.41740441 -5.50751126 -5.50746736 -5.34890830 -5.34889926 -5.29079460 -5.29077384 6.12645264 6.12649411 6.30731571 6.30735816 6.79171067 6.79172291 7.01775733 7.01783377 7.50480332 7.50483088 8.04551816 8.04564932 8.62317569 8.62318367 8.80678661 8.80684925 9.11376404 9.11382790 9.75085618 9.75093130 10.00059389 10.00062119 10.40894117 10.40899058 16.02760536 16.02767058 16.43138661 16.43146803 16.62728780 16.62735985 17.13503357 17.13505196 17.45541091 17.45542854
   3 0.22875525 -49.20433102 -49.19980943 -49.19276391 -49.19190603 -18.92385225 -18.89816569 -18.85181443 -18.83456173 -18.82642386 -18.79154414 -18.74433750 -18.73190550 -18.69095385 -18.68785072 -18.66603907 -18.65863239 -6.49034333 -5.98956430 -5.68266028 -5.60118455 -5.44919159 -5.37643083 -5.30645429 -5.20655251 5.80142109 5.81363770 6.42673258 6.53768834 6.54637740 6.73037625 6.84365672 6.86026706 7.46599880 7.48895457 8.18762489 8.26412476 8.40221140 8.56653095 9.07716432 9.09979802 9.22964847 9.55645029 9.69570895 9.77899827 10.18509676 10.34052098 10.51200904 10.55692833 15.57826875 16.00045714 16.06136217 16.44086898 16.52499857 16.82217513 17.10131282 17.34723996 17.41392851 17.53408620
   4 0.32166225 -49.20147422 -49.20132673 -49.19298819 -49.19284314 -18.92878130 -18.92877256 -18.86049720 -18.86041095 -18.82740739 -18.82735025 -18.70897007 -18.70891322 -18.68824021 -18.68815702 -18.63828404 -18.63827174 -6.25469221 -6.25465092 -5.72201059 -5.72197198 -5.38724846 -5.38719150 -5.20431914 -5.20429807 6.14950997 6.14954988 6.29336901 6.29344109 6.74730506 6.74733318 7.55774874 7.55779651 7.74860519 7.74869021 8.13356167 8.13361690 8.25565724 8.25569560 8.43813417 8.43815410 9.34455748 9.34458122 9.59192511 9.59194622 9.95116770 9.95118818 10.23682171 10.23684829 15.92339938 15.92355676 16.06747314 16.06754974 16.56724334 16.56733814 16.93337113 16.93342733 17.57624912 17.57634136
   5 0.46607202 -49.20744684 -49.19382507 -49.19378816 -49.19370348 -18.97198253 -18.97173211 -18.94794776 -18.84554749 -18.74270965 -18.73935282 -18.73316129 -18.72734601 -18.68413426 -18.65175972 -18.64061935 -18.63142087 -6.90877072 -5.80697334 -5.78381091 -5.66780751 -5.39476942 -5.24007197 -5.18435384 -5.06009063 5.56780131 5.63438077 5.94704679 6.29034783 6.44609058 7.04371863 7.10368631 7.22798073 7.47925005 7.89222568 7.97528442 8.27380777 8.32885131 8.79956237 9.20253791 9.21801167 9.23220859 9.38224336 9.73268823 9.79194105 9.81447008 10.40771132 10.50727660 10.62688059 15.88215582 16.00664667 16.01360579 16.20150872 16.64056254 16.67431138 16.82650834 16.83154534 17.33609113 17.56833846
   6 0.55897902 -49.20164482 -49.20158297 -49.19277181 -49.19272449 -18.91712340 -18.91709663 -18.87212870 -18.87212258 -18.82431147 -18.82426924 -18.70776876 -18.70775658 -18.68545625 -18.68542865 -18.64343945 -18.64343058 -6.28573126 -6.28568657 -5.63112187 -5.63107041 -5.34234563 -5.34231707 -5.31826614 -5.31824634 6.26554826 6.26558056 6.46504737 6.46509440 6.83159859 6.83164174 7.08061329 7.08075710 7.56321079 7.56336746 8.07039693 8.07054405 8.31664354 8.31666929 8.75654921 8.75666367 9.23586128 9.23589994 9.54251224 9.54253006 9.89064316 9.89071499 10.28094903 10.28098633 15.99528359 15.99529349 16.30512162 16.30532120 16.81534946 16.81541091 17.01216703 17.01224506 17.53059485 17.53062853
   7 0.69482727 -49.20251936 -49.19877894 -49.19384449 -49.19366859 -18.94357761 -18.89091879 -18.89034159 -18.88331448 -18.82644002 -18.80098623 -18.72613619 -18.70755659 -18.67569135 -18.67025998 -18.64765711 -18.64266628 -6.37645028 -5.93812798 -5.76142373 -5.61799765 -5.57857878 -5.38028047 -5.28671853 -5.20345025 5.89627842 6.14752425 6.40994628 6.46963398 6.69318820 6.81241696 6.88801252 7.01102773 7.47263898 7.62156046 8.15797344 8.27059335 8.36156757 8.63722813 8.91860901 9.04741594 9.14517064 9.31285930 9.61096998 9.75543727 10.05257911 10.12086169 10.44225536 10.48156940 15.73187731 15.73636170 15.89485900 16.14494578 16.39487792 16.98365448 17.08105590 17.12623903 17.38685152 17.41227283
   8 0.78773427 -49.20022415 -49.20008091 -49.19423529 -49.19409573 -18.98300337 -18.98298645 -18.92459415 -18.92457977 -18.74633546 -18.74632297 -18.69235505 -18.69233310 -18.66051082 -18.66050404 -18.64204673 -18.64200121 -6.23728468 -6.23721695 -5.87212499 -5.87200494 -5.32392786 -5.32391055 -5.13843422 -5.13838877 6.29110527 6.29116906 6.48127908 6.48133826 6.76744247 6.76748109 7.22483745 7.22486941 7.74817954 7.74821808 7.97410146 7.97418458 8.57526053 8.57530183 8.89698415 8.89701701 9.31529072 9.31534655 9.37548309 9.37552584 9.66648147 9.66653430 10.14066615 10.14071169 15.68565100 15.68579539 16.04459838 16.04472268 16.42849921 16.42856967 16.94523121 16.94529051 17.47122717 17.47125295
   9 0.93214404 -49.20065656 -49.20065237 -49.19378241 -49.19377120 -18.92586500 -18.92584841 -18.87262846 -18.87261791 -18.81192052 -18.81191633 -18.71070419 -18.71069714 -18.66582556 -18.66581496 -18.66348752 -18.66347653 -6.31956621 -6.31942363 -5.76960925 -5.76949714 -5.35101591 -5.35096140 -5.09699825 -5.09694960 5.77417292 5.77429710 6.61368860 6.61381450 6.74430753 6.74438859 6.97797805 6.97807049 7.29285608 7.29295192 8.23427259 8.23437803 8.45098044 8.45110075 8.91351517 8.91360667 9.14960695 9.14970123 9.86873039 9.86888332 10.27345133 10.27346839 10.49541210 10.49549635 15.70589920 15.70606572 16.12738737 16.12751318 16.67659430 16.67682506 16.90853657 16.90859432 17.86129001 17.86158046
  10 1.02505104 -49.19724100 -49.19722632 -49.19716484 -49.19712738 -18.89687400 -18.89686237 -18.89682887 -18.89680775 -18.76621263 -18.76620910 -18.76614869 -18.76613291 -18.66382392 -18.66381004 -18.66375104 -18.66374178 -5.96037513 -5.96032256 -5.96020983 -5.96017975 -5.33434903 -5.33431081 -5.33430578 -5.33426785 6.50897325 6.50901341 6.50904987 6.50906020 7.00960921 7.00963425 7.00972233 7.00973172 7.81437186 7.81440618 7.81452624 7.81459110 8.46576255 8.46580943 8.46590748 8.46596916 9.23603211 9.23606798 9.23609153 9.23613277 10.01435334 10.01438101 10.01438333 10.01444780 16.07614844 16.07623197 16.07636415 16.07643706 16.99057452 16.99063450 16.99070473 16.99078550 17.85086124 17.85089666
  11 1.16089929 -49.19813613 -49.19813038 -49.19628564 -49.19627764 -18.93934180 -18.93933934 -18.91090256 -18.91089973 -18.78618666 -18.78616459 -18.74470032 -18.74469039 -18.64282038 -18.64281736 -18.62855732 -18.62854950 -6.08670163 -6.08654718 -5.78430783 -5.78428566 -5.48157742 -5.48144705 -5.23860921 -5.23860487 6.20967876 6.20977780 6.50269119 6.50272001 6.91990363 6.92001350 6.97502168 6.97510547 7.56957476 7.56965161 8.03598797 8.03602738 8.78807260 8.78814717 8.92471289 8.92477067 9.08488354 9.08497455 9.31683998 9.31696515 10.04056211 10.04082802 10.39326270 10.39329736 15.54915781 15.54926845 15.97364586 15.97372446 16.67103201 16.67111462 17.06320754 17.06325973 17.19573308 17.19579236
  12 1.25380629 -49.19723269 -49.19722320 -49.19710169 -49.19706362 -18.99238484 -18.99238183 -18.99236216 -18.99234656 -18.68205937 -18.68204134 -18.68200288 -18.68199557 -18.64843289 -18.64841563 -18.64834069 -18.64833434 -6.11437851 -6.11430320 -6.11422155 -6.11421386 -5.17365835 -5.17361963 -5.17360857 -5.17358612 6.57436142 6.57438503 6.57442287 6.57445343 6.85198029 6.85199898 6.85205177 6.85206530 8.04511326 8.04516263 8.04517374 8.04521033 8.62058685 8.62060451 8.62072058 8.62072741 9.29503005 9.29506490 9.29510579 9.29517529 9.85778493 9.85782959 9.85786019 9.85787499 15.64657111 15.64660351 15.64671843 15.64674202 16.70718229 16.70726404 16.70732831 16.70739517 17.51858977 17.51866023
  13 1.39821606 -49.20744684 -49.19382507 -49.19378816 -49.19370348 -18.97198253 -18.97173211 -18.94794776 -18.84554749 -18.74270965 -18.73935282 -18.73316129 -18.72734601 -18.68413426 -18.65175972 -18.64061935 -18.63142087 -6.90877072 -5.80697334 -5.78381091 -5.66780751 -5.39476942 -5.24007197 -5.18435384 -5.06009063 5.56780131 5.63438077 5.94704679 6.29034783 6.44609058 7.04371863 7.10368631 7.22798073 7.47925005 7.89222568 7.97528442 8.27380777 8.32885131 8.79956237 9.20253791 9.21801167 9.23220859 9.38224336 9.73268823 9.79194105 9.81447008 10.40771132 10.50727660 10.62688059 15.88215582 16.00664667 16.01360579 16.20150872 16.64056254 16.67431138 16.82650834 16.83154534 17.33609113 17.56833846
  14 1.49112306 -49.20164482 -49.20158297 -49.19277181 -49.19272449 -18.91712340 -18.91709663 -18.87212870 -18.87212258 -18.82431147 -18.82426924 -18.70776876 -18.70775658 -18.68545625 -18.68542865 -18.64343945 -18.64343058 -6.28573126 -6.28568657 -5.63112187 -5.63107041 -5.34234563 -5.34231707 -5.31826614 -5.31824634 6.26554826 6.26558056 6.46504737 6.46509440 6.83159859 6.83164174 7.08061329 7.08075710 7.56321079 7.56336746 8.07039693 8.07054405 8.31664354 8.31666929 8.75654921 8.75666367 9.23586128 9.23589994 9.54251224 9.54253006 9.89064316 9.89071499 10.28094903 10.28098633 15.99528359 15.99529349 16.30512162 16.30532120 16.81534946 16.81541091 17.01216703 17.01224506 17.53059485 17.53062853
  15 1.62697131 -49.20251936 -49.19877894 -49.19384449 -49.19366859 -18.94357761 -18.89091879 -18.89034159 -18.88331448 -18.82644002 -18.80098623 -18.72613619 -18.70755659 -18.67569135 -18.67025998 -18.64765711 -18.64266628 -6.37645028 -5.93812798 -5.76142373 -5.61799765 -5.57857878 -5.38028047 -5.28671853 -5.20345025 5.89627842 6.14752425 6.40994628 6.46963398 6.69318820 6.81241696 6.88801252 7.01102773 7.47263898 7.62156046 8.15797344 8.27059335 8.36156757 8.63722813 8.91860901 9.04741594 9.14517064 9.31285930 9.61096998 9.75543727 10.05257911 10.12086169 10.44225536 10.48156940 15.73187731 15.73636170 15.89485900 16.14494578 16.39487792 16.98365448 17.08105590 17.12623903 17.38685152 17.41227283
  16 1.71987831 -49.20022415 -49.20008091 -49.19423529 -49.19409573 -18.98300337 -18.98298645 -18.92459415 -18.92457977 -18.74633546 -18.74632297 -18.69235505 -18.69233310 -18.66051082 -18.66050404 -18.64204673 -18.64200121 -6.23728468 -6.23721695 -5.87212499 -5.87200494 -5.32392786 -5.32391055 -5.13843422 -5.13838877 6.29110527 6.29116906 6.48127908 6.48133826 6.76744247 6.76748109 7.22483745 7.22486941 7.74817954 7.74821808 7.97410146 7.97418458 8.57526053 8.57530183 8.89698415 8.89701701 9.31529072 9.31534655 9.37548309 9.37552584 9.66648147 9.66653430 10.14066615 10.14071169 15.68565100 15.68579539 16.04459838 16.04472268 16.42849921 16.42856967 16.94523121 16.94529051 17.47122717 17.47125295
