   1 0.00000000 -49.75679782 -49.74270647 -49.74067958 -49.73771600 -19.58313388 -19.52678089 -19.51873704 -19.35398505 -19.33003390 -19.31881317 -19.30181456 -19.27391243 -19.23730950 -19.20556843 -19.17545308 -19.16604664 -7.54082740 -6.40029547 -6.16432836 -6.10907079 -5.99820192 -5.75708772 -5.67424113 -5.61615780 4.94893811 5.07134297 5.65950746 5.73637132 5.77519836 6.00645633 6.80766170 7.04206651 7.35040653 7.55891717 7.61382433 7.71418587 8.07452052 8.10982746 8.18911236 8.41607938 8.43020494 8.88061932 9.20013714 9.46788006 9.51209340 9.81808484 9.86581997 9.94849971 15.32770108 15.32802624 15.59444458 15.60914713 15.72508485 15.81842640 15.99150715 16.19903087 16.22117395 16.69024502
   2 0.09031671 -49.75103222 -49.75093943 -49.73798019 -49.73788743 -19.48929811 -19.48925118 -19.42345419 -19.42337838 -19.40245160 -19.40239465 -19.27665876 -19.27658474 -19.20717959 -19.20711902 -19.20370488 -19.20362226 -6.88272052 -6.88264168 -6.05312837 -6.05305781 -5.88572323 -5.88567216 -5.86243593 -5.86239107 5.82335269 5.82341734 5.85450557 5.85455475 6.20913956 6.20918245 6.60012811 6.60032779 7.01590257 7.01593002 7.49916060 7.49918446 8.02751105 8.02757730 8.24200614 8.24215781 8.57542821 8.57560091 9.07910285 9.07919620 9.18445397 9.18447075 9.78350020 9.78350391 15.38555168 15.38558584 15.74437509 15.74440226 16.04727589 16.04752308 16.34861664 16.34868505 16.80732279 16.80742053
   3 0.22476812 -49.75085974 -49.74872064 -49.73947353 -49.73893401 -19.47604381 -19.44064845 -19.43925653 -19.41613722 -19.36039539 -19.34804987 -19.29934139 -19.29622824 -19.24480260 -19.23839134 -19.23318689 -19.22749676 -6.81556988 -6.60701580 -6.11872202 -6.07445879 -6.05088832 -5.93361051 -5.90915298 -5.84302422 5.48402218 5.48407829 5.99031949 6.12007364 6.13989133 6.25071333 6.30637498 6.49111804 6.68004201 6.85641884 7.69398939 7.85710188 7.94375072 8.13399285 8.43689788 8.44528034 8.51747261 8.72448067 9.00377349 9.00565849 9.77368660 9.79068557 9.81018067 9.81034062 15.29739175 15.67776312 15.83986645 15.85614759 16.01814096 16.10710996 16.37088997 16.38845281 16.54628244 16.75149791
   4 0.31508483 -49.74948379 -49.74936965 -49.73951522 -49.73940270 -19.48871145 -19.48869345 -19.42719888 -19.42714028 -19.38574774 -19.38573604 -19.25643846 -19.25638265 -19.24947168 -19.24937642 -19.20037478 -19.20035891 -6.74785276 -6.74782307 -6.31467840 -6.31460450 -5.88504730 -5.88498198 -5.72378516 -5.72374073 5.54219538 5.54229924 5.84853978 5.84861729 6.30585866 6.30594691 7.10234789 7.10242671 7.23880640 7.23895816 7.46164627 7.46180762 7.78964667 7.78975541 7.85189738 7.85193083 8.92950006 8.92951507 9.03026818 9.03030586 9.24321200 9.24323124 9.59879495 9.59883005 15.56007652 15.56027010 15.72238592 15.72245604 16.08614734 16.08619434 16.14559047 16.14561221 16.76758324 16.76772067
   5 0.45171230 -49.75608068 -49.74263547 -49.74076095 -49.73843819 -19.57000536 -19.53005230 -19.50871827 -19.38783806 -19.31924590 -19.30244193 -19.29713514 -19.26492487 -19.24902952 -19.20704067 -19.17967321 -19.17860783 -7.48065685 -6.38605829 -6.23277487 -6.15868619 -5.91390122 -5.73812801 -5.71378659 -5.64098844 5.01146679 5.19844658 5.41824866 5.76543555 5.80908132 6.35103044 6.74757915 7.02762802 7.03266700 7.53440812 7.57578948 7.62541102 7.93070775 8.12987811 8.42758966 8.49290199 8.66702845 8.83140243 9.05022520 9.41082997 9.43819933 9.80881676 9.83816143 9.96541553 15.29145445 15.36610836 15.43729808 15.61947088 15.82061998 15.92934229 16.08151606 16.14884552 16.27571613 16.66846795
   6 0.54202901 -49.75054299 -49.75045006 -49.73847605 -49.73838349 -19.49011012 -19.49006964 -19.41981346 -19.41975439 -19.39930745 -19.39926593 -19.27705147 -19.27698960 -19.21404851 -19.21399930 -19.20342465 -19.20340927 -6.84753373 -6.84745692 -6.05266693 -6.05261063 -5.91888678 -5.91882040 -5.86750351 -5.86745514 5.80596434 5.80599786 5.90332671 5.90336556 6.25890194 6.25894851 6.60361237 6.60377130 7.03462102 7.03470645 7.54161785 7.54171601 7.84669160 7.84682742 8.31307787 8.31322710 8.58571546 8.58575533 8.90630744 8.90639597 9.32849589 9.32854759 9.72566679 9.72570519 15.35506217 15.35512142 15.69711672 15.69727003 16.12323955 16.12340047 16.35038460 16.35043955 16.86975863 16.86990971
   7 0.67648042 -49.75040861 -49.74836873 -49.73982865 -49.73938276 -19.48408910 -19.45191768 -19.44073819 -19.41941109 -19.36867655 -19.36144013 -19.28512918 -19.28299898 -19.24196442 -19.23823578 -19.22902902 -19.21590566 -6.79214984 -6.59183213 -6.15308756 -6.08834207 -6.06368403 -5.92921660 -5.90085789 -5.84088183 5.51117445 5.54413680 6.01051062 6.07307642 6.18768978 6.20445966 6.38424002 6.49427552 6.70852538 6.88649884 7.70321951 7.80740018 7.97066761 8.09779577 8.32914211 8.45050737 8.54939798 8.59569869 9.06118973 9.12117201 9.73259076 9.76520323 9.76693274 9.77086126 15.32621386 15.61372662 15.66411273 15.71945886 16.06445833 16.13579045 16.33626867 16.35336891 16.70851091 16.73571722
   8 0.76679713 -49.74911092 -49.74899693 -49.73989930 -49.73978712 -19.51309323 -19.51305698 -19.43073531 -19.43065133 -19.36900000 -19.36893018 -19.26374198 -19.26368312 -19.22719171 -19.22713532 -19.20355348 -19.20353603 -6.75120406 -6.75117082 -6.30990031 -6.30979048 -5.93122774 -5.93116639 -5.67888718 -5.67882250 5.56529692 5.56537835 5.91074418 5.91080829 6.24883860 6.24892910 7.04909071 7.04920826 7.22732377 7.22744713 7.34480553 7.34494752 7.90855633 7.90862389 8.06408658 8.06413661 8.86674327 8.86679641 9.03326444 9.03332401 9.18066376 9.18068842 9.55683584 9.55687368 15.49511874 15.49525272 15.64183549 15.64188646 16.06498519 16.06511579 16.21592432 16.21600108 16.72048348 16.72060595
   9 0.90342461 -49.75403425 -49.74242385 -49.74098925 -49.74050033 -19.53420886 -19.53238719 -19.48016869 -19.43623183 -19.30974777 -19.29375169 -19.28076255 -19.27666556 -19.24613756 -19.21244167 -19.20808762 -19.19165078 -7.30841864 -6.37074421 -6.31915933 -6.25181192 -5.88962350 -5.78385620 -5.71069059 -5.64106861 5.17486821 5.20732350 5.55807637 5.85877704 5.90477277 6.55403010 6.58590384 6.74785553 6.91128529 7.48745517 7.51917220 7.59224880 7.73020797 8.21685392 8.57619226 8.57899984 8.61101190 8.77530075 9.01975221 9.29305995 9.41376004 9.76906753 9.76929529 9.99462779 15.18700486 15.28031601 15.42024252 15.55349006 15.92477753 16.09692551 16.16626592 16.21492412 16.55313205 16.64499602
  10 0.99374132 -49.74914206 -49.74904857 -49.73989459 -49.73980252 -19.48882464 -19.48879673 -19.42260826 -19.42257544 -19.38353188 -19.38347618 -19.27144027 -19.27140207 -19.23577474 -19.23571174 -19.20412515 -19.20411376 -6.74685772 -6.74678689 -6.08952675 -6.08949941 -5.97283078 -5.97272697 -5.88307502 -5.88302401 5.81974410 5.81979656 5.99745193 5.99747176 6.33297502 6.33304101 6.61926641 6.61942973 7.12098543 7.12111249 7.47580534 7.47596982 7.72013766 7.72016819 8.29671140 8.29685833 8.61652517 8.61660008 8.81270971 8.81273270 9.26069352 9.26075773 9.67717904 9.67722666 15.32697503 15.32709005 15.60489272 15.60508049 16.27111950 16.27118096 16.37722954 16.37736148 16.89426885 16.89450622
  11 1.12819273 -49.74911977 -49.74736410 -49.74084802 -49.74066085 -19.49808741 -19.47406264 -19.45023498 -19.44116861 -19.37103749 -19.36625698 -19.27641870 -19.26662741 -19.24024460 -19.23432987 -19.20347405 -19.19649952 -6.72469684 -6.54688262 -6.24210739 -6.17276094 -6.03408271 -5.91647850 -5.89844210 -5.84227804 5.60011131 5.71140541 6.00811155 6.05307628 6.12949301 6.32381506 6.44280531 6.53582650 6.68951353 6.98816961 7.63697215 7.72572661 8.06589463 8.08800159 8.21428672 8.31528301 8.46095005 8.70685739 9.05068522 9.16354460 9.59434141 9.69399441 9.71540635 9.75646498 15.38227111 15.40388717 15.49513444 15.57674210 15.96866693 16.20777442 16.20894105 16.31591513 16.66906982 16.83912805
  12 1.21850944 -49.74803703 -49.74792330 -49.74098915 -49.74087789 -19.54200575 -19.54197069 -19.46993176 -19.46989021 -19.31934180 -19.31930443 -19.25741644 -19.25737036 -19.21351531 -19.21350535 -19.20343416 -19.20338998 -6.74303192 -6.74298866 -6.35984206 -6.35971477 -5.92902081 -5.92897447 -5.63929671 -5.63922407 5.64189196 5.64193835 6.02367039 6.02373326 6.18510728 6.18520693 6.77267947 6.77273222 7.15823120 7.15832306 7.54468776 7.54474726 8.05211345 8.05215082 8.38259420 8.38264268 8.74947411 8.74950806 8.87895973 8.87901198 9.14084049 9.14088655 9.46615839 9.46620100 15.35782057 15.35788025 15.47973662 15.47981175 16.08732026 16.08750810 16.24989098 16.25005963 16.61917894 16.61927954
  13 1.35513691 -49.75095750 -49.74362239 -49.74209349 -49.74130634 -19.52996966 -19.47978912 -19.47599710 -19.43812550 -19.34128838 -19.32609731 -19.26635350 -19.25781134 -19.23522475 -19.22880769 -19.22093962 -19.20931952 -7.04872975 -6.47487381 -6.36977115 -6.33150642 -5.97701239 -5.81135705 -5.67294159 -5.59798908 5.15957032 5.31802556 5.94565095 6.01585409 6.17566733 6.33121378 6.37144176 6.51648047 6.85477707 7.36371064 7.50663788 7.67184062 7.84940029 8.01006369 8.34090999 8.40484024 8.60949776 8.73027496 9.30241024 9.32857498 9.44923850 9.68181186 9.73997956 9.95869735 15.07195759 15.34049184 15.35566295 15.49252170 15.87449905 16.07026554 16.30087094 16.33109814 16.75210190 16.87593665
  14 1.44545362 -49.74703151 -49.74693666 -49.74202173 -49.74193069 -19.48015913 -19.48014191 -19.44077158 -19.44074737 -19.35216587 -19.35209823 -19.27582509 -19.27577000 -19.24764903 -19.24762189 -19.21226270 -19.21225126 -6.59460216 -6.59454084 -6.22974926 -6.22971357 -5.96576605 -5.96567909 -5.90760544 -5.90754826 5.90046994 5.90053915 6.06475857 6.06481565 6.37500508 6.37502731 6.56590408 6.56602341 7.24429115 7.24444388 7.39288935 7.39299389 7.75807860 7.75814927 8.22567028 8.22577414 8.56193125 8.56202942 8.73090644 8.73097563 9.21290372 9.21298516 9.60569820 9.60572860 15.35339622 15.35356208 15.51367921 15.51386933 16.36830600 16.36838119 16.41375543 16.41388031 16.99983916 17.00007453
  15 1.57990503 -49.74718629 -49.74585906 -49.74262878 -49.74231955 -19.50402687 -19.48796287 -19.47237030 -19.47143925 -19.35569801 -19.34497234 -19.29829053 -19.28694193 -19.21352744 -19.20738899 -19.18811433 -19.18659054 -6.62140947 -6.47467230 -6.36273068 -6.27588924 -5.99299444 -5.91594247 -5.89703772 -5.85418965 5.75166643 5.94599254 5.98138510 6.08247863 6.09342911 6.32975795 6.38341802 6.52915132 6.76083216 7.17272913 7.37032738 7.63534970 8.18867834 8.24532792 8.24693272 8.27841120 8.45061293 8.71424184 8.84029675 8.91901139 9.60568547 9.67852028 9.68578104 9.73020671 15.22467178 15.27924615 15.44726737 15.71354446 15.76573557 16.14736748 16.16723275 16.27829735 16.60816943 16.72391237
  16 1.67022174 -49.74642084 -49.74630653 -49.74260862 -49.74249895 -19.55310986 -19.55307680 -19.51261280 -19.51258029 -19.27593461 -19.27591487 -19.24074435 -19.24072794 -19.22472024 -19.22466707 -19.19688098 -19.19683837 -6.69763671 -6.69757821 -6.48186305 -6.48176121 -5.83613070 -5.83609672 -5.65604476 -5.65597732 5.77126626 5.77129461 6.01187331 6.01194217 6.23781546 6.23788383 6.49677127 6.49678639 7.26664438 7.26673010 7.80390983 7.80397038 8.00048970 8.00056594 8.38568033 8.38578698 8.70829868 8.70834912 8.88624072 8.88625765 9.12164911 9.12167944 9.35677151 9.35679944 15.25632232 15.25639586 15.30851767 15.30856521 16.17028150 16.17044152 16.19942743 16.19968163 16.52871363 16.52880149
  17 1.80684921 -49.74736860 -49.74723525 -49.74176251 -49.74163227 -19.51207376 -19.51203496 -19.41657883 -19.41647978 -19.37172191 -19.37163735 -19.24911024 -19.24907508 -19.22902615 -19.22895217 -19.22809385 -19.22801208 -6.74461874 -6.74451353 -6.37399297 -6.37392894 -5.91801122 -5.91798402 -5.60723942 -5.60717507 5.25211066 5.25218708 6.15202552 6.15206563 6.20502850 6.20512501 6.53207335 6.53221713 6.83852672 6.83862209 7.56286251 7.56296422 8.00741086 8.00746446 8.43114112 8.43121627 8.51020955 8.51026739 9.39358624 9.39373265 9.54975852 9.54977899 9.84134758 9.84139158 15.14203803 15.14225853 15.47304019 15.47333582 15.91577980 15.91592553 16.37530925 16.37553401 16.89901679 16.89925192
  18 1.89716592 -49.74463613 -49.74445960 -49.74443821 -49.74439629 -19.46293753 -19.46292814 -19.46288809 -19.46287345 -19.31350229 -19.31334063 -19.31332073 -19.31329337 -19.22866123 -19.22864243 -19.22859515 -19.22857398 -6.41257011 -6.41250043 -6.41244520 -6.41244277 -5.93752520 -5.93747259 -5.93741802 -5.93739218 6.01843947 6.01847296 6.01853201 6.01857814 6.44612785 6.44617591 6.44620084 6.44621803 7.34031526 7.34045626 7.34049277 7.34061733 7.99609993 7.99619899 7.99625739 7.99633676 8.57359834 8.57360941 8.57376850 8.57379093 9.42027835 9.42035863 9.42038033 9.42043979 15.42476934 15.42488312 15.42496617 15.42511931 16.41004408 16.41020986 16.41036031 16.41050136 17.15999606 17.16005057
  19 2.03161733 -49.74497868 -49.74483702 -49.74414907 -49.74402711 -19.49547217 -19.49544455 -19.48694847 -19.48692817 -19.32797457 -19.32785967 -19.31622189 -19.31613050 -19.19249305 -19.19247405 -19.18946298 -19.18944557 -6.49530338 -6.49520388 -6.38102531 -6.38100455 -5.95032707 -5.95019892 -5.87445448 -5.87441538 5.91318481 5.91322440 6.06080582 6.06084910 6.27238576 6.27248095 6.30774675 6.30787353 7.06808554 7.06812844 7.41007023 7.41012048 8.33821443 8.33828203 8.34453746 8.34462078 8.54669714 8.54682595 8.67922776 8.67934408 9.65376239 9.65393637 9.70539303 9.70542622 15.18859472 15.18873128 15.54363988 15.54376105 15.95483128 15.95503787 16.22767768 16.22782580 16.61811205 16.61825693
  20 2.12193404 -49.74461339 -49.74443367 -49.74441537 -49.74437027 -19.54267939 -19.54267202 -19.54266563 -19.54261760 -19.24957532 -19.24953503 -19.24946991 -19.24945879 -19.20952326 -19.20944505 -19.20942509 -19.20938130 -6.60686317 -6.60683316 -6.60678251 -6.60674761 -5.72920844 -5.72916744 -5.72914133 -5.72907858 5.91782724 5.91787435 5.91791284 5.91794702 6.31684464 6.31691112 6.31692115 6.31698954 7.59476440 7.59483706 7.59492553 7.59499167 8.13353666 8.13366813 8.13368464 8.13380881 8.85511067 8.85516803 8.85519732 8.85528159 9.21753225 9.21755460 9.21758608 9.21762011 15.22826333 15.22835102 15.22866429 15.22871752 16.19172994 16.19194521 16.19211568 16.19231409 16.55029902 16.55035769
  21 2.25856151 -49.75095750 -49.74362239 -49.74209349 -49.74130634 -19.52996966 -19.47978912 -19.47599710 -19.43812550 -19.34128838 -19.32609731 -19.26635350 -19.25781134 -19.23522475 -19.22880769 -19.22093962 -19.20931952 -7.04872975 -6.47487381 -6.36977115 -6.33150642 -5.97701239 -5.81135705 -5.67294159 -5.59798908 5.15957032 5.31802556 5.94565095 6.01585409 6.17566733 6.33121378 6.37144176 6.51648047 6.85477707 7.36371064 7.50663788 7.67184062 7.84940029 8.01006369 8.34090999 8.40484024 8.60949776 8.73027496 9.30241024 9.32857498 9.44923850 9.68181186 9.73997956 9.95869735 15.07195759 15.34049184 15.35566295 15.49252170 15.87449905 16.07026554 16.30087094 16.33109814 16.75210190 16.87593665
  22 2.34887823 -49.74703151 -49.74693666 -49.74202173 -49.74193069 -19.48015913 -19.48014191 -19.44077158 -19.44074737 -19.35216587 -19.35209823 -19.27582509 -19.27577000 -19.24764903 -19.24762189 -19.21226270 -19.21225126 -6.59460216 -6.59454084 -6.22974926 -6.22971357 -5.96576605 -5.96567909 -5.90760544 -5.90754826 5.90046994 5.90053915 6.06475857 6.06481565 6.37500508 6.37502731 6.56590408 6.56602341 7.24429115 7.24444388 7.39288935 7.39299389 7.75807860 7.75814927 8.22567028 8.22577414 8.56193125 8.56202942 8.73090644 8.73097563 9.21290372 9.21298516 9.60569820 9.60572860 15.35339622 15.35356208 15.51367921 15.51386933 16.36830600 16.36838119 16.41375543 16.41388031 16.99983916 17.00007453
  23 2.48332963 -49.74718629 -49.74585906 -49.74262878 -49.74231955 -19.50402687 -19.48796287 -19.47237030 -19.47143925 -19.35569801 -19.34497234 -19.29829053 -19.28694193 -19.21352744 -19.20738899 -19.18811433 -19.18659054 -6.62140947 -6.47467230 -6.36273068 -6.27588924 -5.99299444 -5.91594247 -5.89703772 -5.85418965 5.75166643 5.94599254 5.98138510 6.08247863 6.09342911 6.32975795 6.38341802 6.52915132 6.76083216 7.17272913 7.37032738 7.63534970 8.18867834 8.24532792 8.24693272 8.27841120 8.45061293 8.71424184 8.84029675 8.91901139 9.60568547 9.67852028 9.68578104 9.73020671 15.22467178 15.27924615 15.44726737 15.71354446 15.76573557 16.14736748 16.16723275 16.27829735 16.60816943 16.72391237
  24 2.57364635 -49.74642084 -49.74630653 -49.74260862 -49.74249895 -19.55310986 -19.55307680 -19.51261280 -19.51258029 -19.27593461 -19.27591487 -19.24074435 -19.24072794 -19.22472024 -19.22466707 -19.19688098 -19.19683837 -6.69763671 -6.69757821 -6.48186305 -6.48176121 -5.83613070 -5.83609672 -5.65604476 -5.65597732 5.77126626 5.77129461 6.01187331 6.01194217 6.23781546 6.23788383 6.49677127 6.49678639 7.26664438 7.26673010 7.80390983 7.80397038 8.00048970 8.00056594 8.38568033 8.38578698 8.70829868 8.70834912 8.88624072 8.88625765 9.12164911 9.12167944 9.35677151 9.35679944 15.25632232 15.25639586 15.30851767 15.30856521 16.17028150 16.17044152 16.19942743 16.19968163 16.52871363 16.52880149
  25 2.71027382 -49.75403425 -49.74242385 -49.74098925 -49.74050033 -19.53420886 -19.53238719 -19.48016869 -19.43623183 -19.30974777 -19.29375169 -19.28076255 -19.27666556 -19.24613756 -19.21244167 -19.20808762 -19.19165078 -7.30841864 -6.37074421 -6.31915933 -6.25181192 -5.88962350 -5.78385620 -5.71069059 -5.64106861 5.17486821 5.20732350 5.55807637 5.85877704 5.90477277 6.55403010 6.58590384 6.74785553 6.91128529 7.48745517 7.51917220 7.59224880 7.73020797 8.21685392 8.57619226 8.57899984 8.61101190 8.77530075 9.01975221 9.29305995 9.41376004 9.76906753 9.76929529 9.99462779 15.18700486 15.28031601 15.42024252 15.55349006 15.92477753 16.09692551 16.16626592 16.21492412 16.55313205 16.64499602
  26 2.80059053 -49.74914206 -49.74904857 -49.73989459 -49.73980252 -19.48882464 -19.48879673 -19.42260826 -19.42257544 -19.38353188 -19.38347618 -19.27144027 -19.27140207 -19.23577474 -19.23571174 -19.20412515 -19.20411376 -6.74685772 -6.74678689 -6.08952675 -6.08949941 -5.97283078 -5.97272697 -5.88307502 -5.88302401 5.81974410 5.81979656 5.99745193 5.99747176 6.33297502 6.33304101 6.61926641 6.61942973 7.12098543 7.12111249 7.47580534 7.47596982 7.72013766 7.72016819 8.29671140 8.29685833 8.61652517 8.61660008 8.81270971 8.81273270 9.26069352 9.26075773 9.67717904 9.67722666 15.32697503 15.32709005 15.60489272 15.60508049 16.27111950 16.27118096 16.37722954 16.37736148 16.89426885 16.89450622
  27 2.93504194 -49.74911977 -49.74736410 -49.74084802 -49.74066085 -19.49808741 -19.47406264 -19.45023498 -19.44116861 -19.37103749 -19.36625698 -19.27641870 -19.26662741 -19.24024460 -19.23432987 -19.20347405 -19.19649952 -6.72469684 -6.54688262 -6.24210739 -6.17276094 -6.03408271 -5.91647850 -5.89844210 -5.84227804 5.60011131 5.71140541 6.00811155 6.05307628 6.12949301 6.32381506 6.44280531 6.53582650 6.68951353 6.98816961 7.63697215 7.72572661 8.06589463 8.08800159 8.21428672 8.31528301 8.46095005 8.70685739 9.05068522 9.16354460 9.59434141 9.69399441 9.71540635 9.75646498 15.38227111 15.40388717 15.49513444 15.57674210 15.96866693 16.20777442 16.20894105 16.31591513 16.66906982 16.83912805
  28 3.02535865 -49.74803703 -49.74792330 -49.74098915 -49.74087789 -19.54200575 -19.54197069 -19.46993176 -19.46989021 -19.31934180 -19.31930443 -19.25741644 -19.25737036 -19.21351531 -19.21350535 -19.20343416 -19.20338998 -6.74303192 -6.74298866 -6.35984206 -6.35971477 -5.92902081 -5.92897447 -5.63929671 -5.63922407 5.64189196 5.64193835 6.02367039 6.02373326 6.18510728 6.18520693 6.77267947 6.77273222 7.15823120 7.15832306 7.54468776 7.54474726 8.05211345 8.05215082 8.38259420 8.38264268 8.74947411 8.74950806 8.87895973 8.87901198 9.14084049 9.14088655 9.46615839 9.46620100 15.35782057 15.35788025 15.47973662 15.47981175 16.08732026 16.08750810 16.24989098 16.25005963 16.61917894 16.61927954
  29 3.16198612 -49.75608068 -49.74263547 -49.74076095 -49.73843819 -19.57000536 -19.53005230 -19.50871827 -19.38783806 -19.31924590 -19.30244193 -19.29713514 -19.26492487 -19.24902952 -19.20704067 -19.17967321 -19.17860783 -7.48065685 -6.38605829 -6.23277487 -6.15868619 -5.91390122 -5.73812801 -5.71378659 -5.64098844 5.01146679 5.19844658 5.41824866 5.76543555 5.80908132 6.35103044 6.74757915 7.02762802 7.03266700 7.53440812 7.57578948 7.62541102 7.93070775 8.12987811 8.42758966 8.49290199 8.66702845 8.83140243 9.05022520 9.41082997 9.43819933 9.80881676 9.83816143 9.96541553 15.29145445 15.36610836 15.43729808 15.61947088 15.82061998 15.92934229 16.08151606 16.14884552 16.27571613 16.66846795
  30 3.25230283 -49.75054299 -49.75045006 -49.73847605 -49.73838349 -19.49011012 -19.49006964 -19.41981346 -19.41975439 -19.39930745 -19.39926593 -19.27705147 -19.27698960 -19.21404851 -19.21399930 -19.20342465 -19.20340927 -6.84753373 -6.84745692 -6.05266693 -6.05261063 -5.91888678 -5.91882040 -5.86750351 -5.86745514 5.80596434 5.80599786 5.90332671 5.90336556 6.25890194 6.25894851 6.60361237 6.60377130 7.03462102 7.03470645 7.54161785 7.54171601 7.84669160 7.84682742 8.31307787 8.31322710 8.58571546 8.58575533 8.90630744 8.90639597 9.32849589 9.32854759 9.72566679 9.72570519 15.35506217 15.35512142 15.69711672 15.69727003 16.12323955 16.12340047 16.35038460 16.35043955 16.86975863 16.86990971
  31 3.38675424 -49.75040861 -49.74836873 -49.73982865 -49.73938276 -19.48408910 -19.45191768 -19.44073819 -19.41941109 -19.36867655 -19.36144013 -19.28512918 -19.28299898 -19.24196442 -19.23823578 -19.22902902 -19.21590566 -6.79214984 -6.59183213 -6.15308756 -6.08834207 -6.06368403 -5.92921660 -5.90085789 -5.84088183 5.51117445 5.54413680 6.01051062 6.07307642 6.18768978 6.20445966 6.38424002 6.49427552 6.70852538 6.88649884 7.70321951 7.80740018 7.97066761 8.09779577 8.32914211 8.45050737 8.54939798 8.59569869 9.06118973 9.12117201 9.73259076 9.76520323 9.76693274 9.77086126 15.32621386 15.61372662 15.66411273 15.71945886 16.06445833 16.13579045 16.33626867 16.35336891 16.70851091 16.73571722
  32 3.47707095 -49.74911092 -49.74899693 -49.73989930 -49.73978712 -19.51309323 -19.51305698 -19.43073531 -19.43065133 -19.36900000 -19.36893018 -19.26374198 -19.26368312 -19.22719171 -19.22713532 -19.20355348 -19.20353603 -6.75120406 -6.75117082 -6.30990031 -6.30979048 -5.93122774 -5.93116639 -5.67888718 -5.67882250 5.56529692 5.56537835 5.91074418 5.91080829 6.24883860 6.24892910 7.04909071 7.04920826 7.22732377 7.22744713 7.34480553 7.34494752 7.90855633 7.90862389 8.06408658 8.06413661 8.86674327 8.86679641 9.03326444 9.03332401 9.18066376 9.18068842 9.55683584 9.55687368 15.49511874 15.49525272 15.64183549 15.64188646 16.06498519 16.06511579 16.21592432 16.21600108 16.72048348 16.72060595
