   1 0.00000000 -49.21022931 -49.19382674 -49.19368931 -49.19095511 -19.02273781 -18.98724255 -18.98285568 -18.78717563 -18.76570462 -18.72974026 -18.72774098 -18.72084588 -18.69784877 -18.62983350 -18.61479591 -18.60800948 -7.14765139 -5.76382554 -5.75424856 -5.59159255 -5.33955205 -5.22404591 -5.11084603 -5.08543703 5.36642997 5.44123908 5.80263668 6.17620577 6.32164425 6.40199640 7.50420745 7.58669506 7.78641962 7.91475108 8.21249035 8.41089993 8.43094977 8.87457708 9.05671383 9.14620736 9.28937066 9.52979810 9.54633408 9.67690645 10.09202648 10.51248759 10.56372093 10.69852282 15.93506021 16.01539645 16.31798328 16.32579302 16.40016397 16.57439393 16.77030745 16.85710707 17.08192877 17.33793821
   2 0.09290700 -49.20346790 -49.20340322 -49.19094072 -49.19089646 -18.91719619 -18.91716011 -18.88500444 -18.88499469 -18.82671342 -18.82664579 -18.71609112 -18.71605114 -18.65165271 -18.65162838 -18.65013523 -18.65012368 -6.41743927 -6.41740441 -5.50751126 -5.50746736 -5.34890830 -5.34889926 -5.29079460 -5.29077384 6.12645264 6.12649411 6.30731571 6.30735816 6.79171067 6.79172291 7.01775733 7.01783377 7.50480332 7.50483088 8.04551816 8.04564932 8.62317569 8.62318367 8.80678661 8.80684925 9.11376404 9.11382790 9.75085618 9.75093130 10.00059389 10.00062119 10.40894117 10.40899058 16.02760536 16.02767058 16.43138661 16.43146803 16.62728780 16.62735985 17.13503357 17.13505196 17.45541091 17.45542854
   3 0.22875525 -49.20433102 -49.19980943 -49.19276391 -49.19190603 -18.92385225 -18.89816569 -18.85181443 -18.83456173 -18.82642386 -18.79154414 -18.74433750 -18.73190550 -18.69095385 -18.68785072 -18.66603907 -18.65863239 -6.49034333 -5.98956430 -5.68266028 -5.60118455 -5.44919159 -5.37643083 -5.30645429 -5.20655251 5.80142109 5.81363770 6.42673258 6.53768834 6.54637740 6.73037625 6.84365672 6.86026706 7.46599880 7.48895457 8.18762489 8.26412476 8.40221140 8.56653095 9.07716432 9.09979802 9.22964847 9.55645029 9.69570895 9.77899827 10.18509676 10.34052098 10.51200904 10.55692833 15.57826875 16.00045714 16.06136217 16.44086898 16.52499857 16.82217513 17.10131282 17.34723996 17.41392851 17.53408620
   4 0.32166225 -49.20147422 -49.20132673 -49.19298819 -49.19284314 -18.92878130 -18.92877256 -18.86049720 -18.86041095 -18.82740739 -18.82735025 -18.70897007 -18.70891322 -18.68824021 -18.68815702 -18.63828404 -18.63827174 -6.25469221 -6.25465092 -5.72201059 -5.72197198 -5.38724846 -5.38719150 -5.20431914 -5.20429807 6.14950997 6.14954988 6.29336901 6.29344109 6.74730506 6.74733318 7.55774874 7.55779651 7.74860519 7.74869021 8.13356167 8.13361690 8.25565724 8.25569560 8.43813417 8.43815410 9.34455748 9.34458122 9.59192511 9.59194622 9.95116770 9.95118818 10.23682171 10.23684829 15.92339938 15.92355676 16.06747314 16.06754974 16.56724334 16.56733814 16.93337113 16.93342733 17.57624912 17.57634136
   5 0.45970053 -49.20950776 -49.19382808 -49.19369781 -49.19168498 -19.00958087 -18.98043383 -18.97700602 -18.80574630 -18.75923461 -18.73508279 -18.72754121 -18.70872821 -18.70196120 -18.63268716 -18.62122519 -18.61916678 -7.08590376 -5.76520523 -5.76314987 -5.61427460 -5.31025404 -5.28165552 -5.13011083 -5.07548733 5.43770513 5.57261182 5.67863697 6.20796023 6.35181954 6.64788843 7.42445793 7.54573679 7.59054746 7.92729931 8.11289926 8.30441277 8.40731202 8.86041821 9.17939870 9.18253138 9.46837126 9.49205711 9.49283409 9.68756114 9.94333593 10.47488035 10.54681004 10.67422226 15.93816961 15.99984144 16.24754114 16.27816930 16.56360964 16.57152325 16.86091990 16.86865394 16.87130742 17.40361884
   6 0.55260753 -49.20299490 -49.20293100 -49.19141381 -49.19136901 -18.91785602 -18.91782285 -18.87994426 -18.87993463 -18.82698694 -18.82692879 -18.71427839 -18.71425220 -18.66428603 -18.66426999 -18.64444501 -18.64443330 -6.38337088 -6.38333298 -5.53739428 -5.53734735 -5.34681157 -5.34679167 -5.30105729 -5.30103875 6.16762207 6.16764600 6.34963587 6.34966395 6.81073025 6.81075206 7.02792069 7.02802173 7.50696503 7.50706026 8.08963099 8.08978981 8.51416888 8.51422728 8.75709607 8.75717472 9.18316663 9.18319552 9.66077266 9.66083802 10.02860067 10.02866191 10.34385632 10.34391240 16.01333215 16.01338306 16.39627607 16.39643530 16.68391073 16.68396748 17.08069524 17.08073335 17.46563820 17.46566422
   7 0.68845578 -49.20386090 -49.19954236 -49.19303212 -49.19237179 -18.93106816 -18.89430369 -18.86607301 -18.85077148 -18.81873014 -18.80757831 -18.73163779 -18.72061974 -18.68896690 -18.67455451 -18.66412035 -18.65750925 -6.46103077 -5.97692800 -5.66534692 -5.64577759 -5.49141784 -5.36929952 -5.30139162 -5.20337404 5.82103295 5.90330481 6.43540728 6.48125498 6.62285901 6.80265154 6.80437219 6.89541152 7.50589317 7.50890320 8.20800464 8.27944169 8.33749245 8.58057690 9.02299038 9.08221788 9.25793075 9.40417893 9.74691829 9.76147305 10.16742290 10.24413317 10.50699081 10.51781613 15.63833808 15.94669568 15.96351748 16.29354728 16.50163652 16.89471864 17.09230149 17.32088137 17.49453019 17.54512908
   8 0.78136278 -49.20114971 -49.20100350 -49.19331291 -49.19316957 -18.95173069 -18.95172162 -18.88102898 -18.88101358 -18.79795482 -18.79795072 -18.70344215 -18.70340314 -18.67676367 -18.67670593 -18.64022923 -18.64021411 -6.25234369 -6.25229373 -5.76396335 -5.76386947 -5.37630999 -5.37627228 -5.17660846 -5.17657322 6.19408787 6.19413841 6.34047962 6.34054516 6.74578848 6.74582163 7.48061560 7.48066065 7.74962738 7.74967213 7.95124220 7.95126996 8.41249485 8.41255421 8.64443104 8.64448065 9.32581217 9.32583793 9.53450663 9.53452947 9.86296548 9.86299867 10.20642515 10.20645859 15.84045980 15.84061987 16.09613541 16.09623406 16.47541289 16.47544426 16.97083919 16.97089692 17.53950346 17.53957477
   9 0.91940107 -49.20744684 -49.19382507 -49.19378816 -49.19370348 -18.97198253 -18.97173211 -18.94794776 -18.84554749 -18.74270965 -18.73935282 -18.73316129 -18.72734601 -18.68413426 -18.65175972 -18.64061935 -18.63142087 -6.90877072 -5.80697334 -5.78381091 -5.66780751 -5.39476942 -5.24007197 -5.18435384 -5.06009063 5.56780131 5.63438077 5.94704679 6.29034783 6.44609058 7.04371863 7.10368631 7.22798073 7.47925005 7.89222568 7.97528442 8.27380777 8.32885131 8.79956237 9.20253791 9.21801167 9.23220859 9.38224336 9.73268823 9.79194105 9.81447008 10.40771132 10.50727660 10.62688059 15.88215582 16.00664667 16.01360579 16.20150872 16.64056254 16.67431138 16.82650834 16.83154534 17.33609113 17.56833846
  10 1.01230807 -49.20164482 -49.20158297 -49.19277181 -49.19272449 -18.91712340 -18.91709663 -18.87212870 -18.87212258 -18.82431147 -18.82426924 -18.70776876 -18.70775658 -18.68545625 -18.68542865 -18.64343945 -18.64343058 -6.28573126 -6.28568657 -5.63112187 -5.63107041 -5.34234563 -5.34231707 -5.31826614 -5.31824634 6.26554826 6.26558056 6.46504737 6.46509440 6.83159859 6.83164174 7.08061329 7.08075710 7.56321079 7.56336746 8.07039693 8.07054405 8.31664354 8.31666929 8.75654921 8.75666367 9.23586128 9.23589994 9.54251224 9.54253006 9.89064316 9.89071499 10.28094903 10.28098633 15.99528359 15.99529349 16.30512162 16.30532120 16.81534946 16.81541091 17.01216703 17.01224506 17.53059485 17.53062853
  11 1.14815632 -49.20251936 -49.19877894 -49.19384449 -49.19366859 -18.94357761 -18.89091879 -18.89034159 -18.88331448 -18.82644002 -18.80098623 -18.72613619 -18.70755659 -18.67569135 -18.67025998 -18.64765711 -18.64266628 -6.37645028 -5.93812798 -5.76142373 -5.61799765 -5.57857878 -5.38028047 -5.28671853 -5.20345025 5.89627842 6.14752425 6.40994628 6.46963398 6.69318820 6.81241696 6.88801252 7.01102773 7.47263898 7.62156046 8.15797344 8.27059335 8.36156757 8.63722813 8.91860901 9.04741594 9.14517064 9.31285930 9.61096998 9.75543727 10.05257911 10.12086169 10.44225536 10.48156940 15.73187731 15.73636170 15.89485900 16.14494578 16.39487792 16.98365448 17.08105590 17.12623903 17.38685152 17.41227283
  12 1.24106332 -49.20022415 -49.20008091 -49.19423529 -49.19409573 -18.98300337 -18.98298645 -18.92459415 -18.92457977 -18.74633546 -18.74632297 -18.69235505 -18.69233310 -18.66051082 -18.66050404 -18.64204673 -18.64200121 -6.23728468 -6.23721695 -5.87212499 -5.87200494 -5.32392786 -5.32391055 -5.13843422 -5.13838877 6.29110527 6.29116906 6.48127908 6.48133826 6.76744247 6.76748109 7.22483745 7.22486941 7.74817954 7.74821808 7.97410146 7.97418458 8.57526053 8.57530183 8.89698415 8.89701701 9.31529072 9.31534655 9.37548309 9.37552584 9.66648147 9.66653430 10.14066615 10.14071169 15.68565100 15.68579539 16.04459838 16.04472268 16.42849921 16.42856967 16.94523121 16.94529051 17.47122717 17.47125295
  13 1.37910160 -49.20434475 -49.19692991 -49.19380719 -49.19374306 -18.95402468 -18.91660572 -18.90563321 -18.88834083 -18.78298102 -18.76703835 -18.72328071 -18.71458686 -18.67512832 -18.66862282 -18.65190426 -18.64883938 -6.64012605 -6.00767835 -5.78877457 -5.72603045 -5.41631554 -5.26360003 -5.16049147 -5.06316400 5.60656583 5.84861009 6.37174967 6.46054845 6.66282472 6.84636005 6.98355891 6.98586414 7.26754316 7.98220613 7.98429974 8.07529563 8.47993193 8.54191703 8.90401531 9.07293442 9.22356733 9.23231364 9.81607426 9.84781950 10.08115919 10.36173632 10.47668194 10.56135490 15.76619245 15.78336027 16.06988929 16.15800565 16.67005468 16.74547547 16.79254858 16.90680533 17.74866328 17.78963720
  14 1.47200860 -49.19961715 -49.19955793 -49.19481315 -49.19476124 -18.91053539 -18.91051453 -18.88003714 -18.88002561 -18.80250384 -18.80247366 -18.72791749 -18.72790356 -18.68186954 -18.68186387 -18.64977896 -18.64977025 -6.13772794 -6.13767694 -5.78101330 -5.78095893 -5.33814458 -5.33811395 -5.32893347 -5.32890781 6.39059945 6.39063078 6.55362117 6.55365942 6.87577538 6.87581013 7.11635759 7.11650326 7.66377355 7.66395599 7.99008601 7.99015586 8.21057411 8.21071056 8.74627329 8.74639070 9.22638932 9.22643339 9.34245131 9.34247909 9.85383117 9.85389413 10.18783893 10.18786134 16.00732311 16.00737489 16.18978469 16.18995062 16.92663061 16.92669238 17.00411328 17.00420381 17.67300843 17.67309570
  15 1.60785685 -49.20050776 -49.19763219 -49.19575606 -49.19492804 -18.94839703 -18.91612677 -18.90800148 -18.90073781 -18.81571689 -18.77501546 -18.75326209 -18.71587132 -18.66255762 -18.64356847 -18.63576543 -18.63011851 -6.24642465 -5.91720982 -5.87272940 -5.68176602 -5.55204739 -5.42020999 -5.26438380 -5.21593984 6.03833740 6.33765932 6.40491520 6.58804840 6.62003469 6.91094378 6.92908398 7.23512633 7.29084826 7.80364132 7.89362795 8.24606958 8.56255817 8.76201521 8.85290438 8.98284696 9.02372225 9.32801816 9.35061534 9.50660391 10.01850017 10.07086287 10.39409522 10.43331112 15.57448126 15.64680895 15.87784935 16.18042107 16.33951146 16.92417899 17.02621211 17.08843306 17.24838226 17.27600115
  16 1.70076385 -49.19884365 -49.19870298 -49.19560924 -49.19547128 -18.99835383 -18.99833455 -18.96588292 -18.96586443 -18.70477204 -18.70475843 -18.67526347 -18.67525272 -18.66384258 -18.66377845 -18.63847386 -18.63841592 -6.19426865 -6.19418222 -6.00093944 -6.00082303 -5.24508923 -5.24507400 -5.13434823 -5.13430687 6.42224727 6.42230570 6.60975066 6.60980169 6.82369665 6.82373594 6.97055886 6.97059893 7.78776334 7.78778496 8.16765043 8.16770875 8.55348733 8.55350936 8.86268423 8.86273898 9.22810572 9.22815572 9.35917039 9.35920724 9.66292837 9.66295954 10.02986057 10.02991250 15.59244567 15.59253914 15.83545688 15.83551934 16.55610980 16.55619735 16.83725016 16.83730503 17.44224207 17.44229323
  17 1.83880213 -49.20065656 -49.20065237 -49.19378241 -49.19377120 -18.92586500 -18.92584841 -18.87262846 -18.87261791 -18.81192052 -18.81191633 -18.71070419 -18.71069714 -18.66582556 -18.66581496 -18.66348752 -18.66347653 -6.31956621 -6.31942363 -5.76960925 -5.76949714 -5.35101591 -5.35096140 -5.09699825 -5.09694960 5.77417292 5.77429710 6.61368860 6.61381450 6.74430753 6.74438859 6.97797805 6.97807049 7.29285608 7.29295192 8.23427259 8.23437803 8.45098044 8.45110075 8.91351517 8.91360667 9.14960695 9.14970123 9.86873039 9.86888332 10.27345133 10.27346839 10.49541210 10.49549635 15.70589920 15.70606572 16.12738737 16.12751318 16.67659430 16.67682506 16.90853657 16.90859432 17.86129001 17.86158046
  18 1.93170913 -49.19724100 -49.19722632 -49.19716484 -49.19712738 -18.89687400 -18.89686237 -18.89682887 -18.89680775 -18.76621263 -18.76620910 -18.76614869 -18.76613291 -18.66382392 -18.66381004 -18.66375104 -18.66374178 -5.96037513 -5.96032256 -5.96020983 -5.96017975 -5.33434903 -5.33431081 -5.33430578 -5.33426785 6.50897325 6.50901341 6.50904987 6.50906020 7.00960921 7.00963425 7.00972233 7.00973172 7.81437186 7.81440618 7.81452624 7.81459110 8.46576255 8.46580943 8.46590748 8.46596916 9.23603211 9.23606798 9.23609153 9.23613277 10.01435334 10.01438101 10.01438333 10.01444780 16.07614844 16.07623197 16.07636415 16.07643706 16.99057452 16.99063450 16.99070473 16.99078550 17.85086124 17.85089666
  19 2.06755738 -49.19813613 -49.19813038 -49.19628564 -49.19627764 -18.93934180 -18.93933934 -18.91090256 -18.91089973 -18.78618666 -18.78616459 -18.74470032 -18.74469039 -18.64282038 -18.64281736 -18.62855732 -18.62854950 -6.08670163 -6.08654718 -5.78430783 -5.78428566 -5.48157742 -5.48144705 -5.23860921 -5.23860487 6.20967876 6.20977780 6.50269119 6.50272001 6.91990363 6.92001350 6.97502168 6.97510547 7.56957476 7.56965161 8.03598797 8.03602738 8.78807260 8.78814717 8.92471289 8.92477067 9.08488354 9.08497455 9.31683998 9.31696515 10.04056211 10.04082802 10.39326270 10.39329736 15.54915781 15.54926845 15.97364586 15.97372446 16.67103201 16.67111462 17.06320754 17.06325973 17.19573308 17.19579236
  20 2.16046438 -49.19723269 -49.19722320 -49.19710169 -49.19706362 -18.99238484 -18.99238183 -18.99236216 -18.99234656 -18.68205937 -18.68204134 -18.68200288 -18.68199557 -18.64843289 -18.64841563 -18.64834069 -18.64833434 -6.11437851 -6.11430320 -6.11422155 -6.11421386 -5.17365835 -5.17361963 -5.17360857 -5.17358612 6.57436142 6.57438503 6.57442287 6.57445343 6.85198029 6.85199898 6.85205177 6.85206530 8.04511326 8.04516263 8.04517374 8.04521033 8.62058685 8.62060451 8.62072058 8.62072741 9.29503005 9.29506490 9.29510579 9.29517529 9.85778493 9.85782959 9.85786019 9.85787499 15.64657111 15.64660351 15.64671843 15.64674202 16.70718229 16.70726404 16.70732831 16.70739517 17.51858977 17.51866023
  21 2.29850267 -49.20434475 -49.19692991 -49.19380719 -49.19374306 -18.95402468 -18.91660572 -18.90563321 -18.88834083 -18.78298102 -18.76703835 -18.72328071 -18.71458686 -18.67512832 -18.66862282 -18.65190426 -18.64883938 -6.64012605 -6.00767835 -5.78877457 -5.72603045 -5.41631554 -5.26360003 -5.16049147 -5.06316400 5.60656583 5.84861009 6.37174967 6.46054845 6.66282472 6.84636005 6.98355891 6.98586414 7.26754316 7.98220613 7.98429974 8.07529563 8.47993193 8.54191703 8.90401531 9.07293442 9.22356733 9.23231364 9.81607426 9.84781950 10.08115919 10.36173632 10.47668194 10.56135490 15.76619245 15.78336027 16.06988929 16.15800565 16.67005468 16.74547547 16.79254858 16.90680533 17.74866328 17.78963720
  22 2.39140967 -49.19961715 -49.19955793 -49.19481315 -49.19476124 -18.91053539 -18.91051453 -18.88003714 -18.88002561 -18.80250384 -18.80247366 -18.72791749 -18.72790356 -18.68186954 -18.68186387 -18.64977896 -18.64977025 -6.13772794 -6.13767694 -5.78101330 -5.78095893 -5.33814458 -5.33811395 -5.32893347 -5.32890781 6.39059945 6.39063078 6.55362117 6.55365942 6.87577538 6.87581013 7.11635759 7.11650326 7.66377355 7.66395599 7.99008601 7.99015586 8.21057411 8.21071056 8.74627329 8.74639070 9.22638932 9.22643339 9.34245131 9.34247909 9.85383117 9.85389413 10.18783893 10.18786134 16.00732311 16.00737489 16.18978469 16.18995062 16.92663061 16.92669238 17.00411328 17.00420381 17.67300843 17.67309570
  23 2.52725792 -49.20050776 -49.19763219 -49.19575606 -49.19492804 -18.94839703 -18.91612677 -18.90800148 -18.90073781 -18.81571689 -18.77501546 -18.75326209 -18.71587132 -18.66255762 -18.64356847 -18.63576543 -18.63011851 -6.24642465 -5.91720982 -5.87272940 -5.68176602 -5.55204739 -5.42020999 -5.26438380 -5.21593984 6.03833740 6.33765932 6.40491520 6.58804840 6.62003469 6.91094378 6.92908398 7.23512633 7.29084826 7.80364132 7.89362795 8.24606958 8.56255817 8.76201521 8.85290438 8.98284696 9.02372225 9.32801816 9.35061534 9.50660391 10.01850017 10.07086287 10.39409522 10.43331112 15.57448126 15.64680895 15.87784935 16.18042107 16.33951146 16.92417899 17.02621211 17.08843306 17.24838226 17.27600115
  24 2.62016492 -49.19884365 -49.19870298 -49.19560924 -49.19547128 -18.99835383 -18.99833455 -18.96588292 -18.96586443 -18.70477204 -18.70475843 -18.67526347 -18.67525272 -18.66384258 -18.66377845 -18.63847386 -18.63841592 -6.19426865 -6.19418222 -6.00093944 -6.00082303 -5.24508923 -5.24507400 -5.13434823 -5.13430687 6.42224727 6.42230570 6.60975066 6.60980169 6.82369665 6.82373594 6.97055886 6.97059893 7.78776334 7.78778496 8.16765043 8.16770875 8.55348733 8.55350936 8.86268423 8.86273898 9.22810572 9.22815572 9.35917039 9.35920724 9.66292837 9.66295954 10.02986057 10.02991250 15.59244567 15.59253914 15.83545688 15.83551934 16.55610980 16.55619735 16.83725016 16.83730503 17.44224207 17.44229323
  25 2.75820320 -49.20744684 -49.19382507 -49.19378816 -49.19370348 -18.97198253 -18.97173211 -18.94794776 -18.84554749 -18.74270965 -18.73935282 -18.73316129 -18.72734601 -18.68413426 -18.65175972 -18.64061935 -18.63142087 -6.90877072 -5.80697334 -5.78381091 -5.66780751 -5.39476942 -5.24007197 -5.18435384 -5.06009063 5.56780131 5.63438077 5.94704679 6.29034783 6.44609058 7.04371863 7.10368631 7.22798073 7.47925005 7.89222568 7.97528442 8.27380777 8.32885131 8.79956237 9.20253791 9.21801167 9.23220859 9.38224336 9.73268823 9.79194105 9.81447008 10.40771132 10.50727660 10.62688059 15.88215582 16.00664667 16.01360579 16.20150872 16.64056254 16.67431138 16.82650834 16.83154534 17.33609113 17.56833846
  26 2.85111020 -49.20164482 -49.20158297 -49.19277181 -49.19272449 -18.91712340 -18.91709663 -18.87212870 -18.87212258 -18.82431147 -18.82426924 -18.70776876 -18.70775658 -18.68545625 -18.68542865 -18.64343945 -18.64343058 -6.28573126 -6.28568657 -5.63112187 -5.63107041 -5.34234563 -5.34231707 -5.31826614 -5.31824634 6.26554826 6.26558056 6.46504737 6.46509440 6.83159859 6.83164174 7.08061329 7.08075710 7.56321079 7.56336746 8.07039693 8.07054405 8.31664354 8.31666929 8.75654921 8.75666367 9.23586128 9.23589994 9.54251224 9.54253006 9.89064316 9.89071499 10.28094903 10.28098633 15.99528359 15.99529349 16.30512162 16.30532120 16.81534946 16.81541091 17.01216703 17.01224506 17.53059485 17.53062853
  27 2.98695845 -49.20251936 -49.19877894 -49.19384449 -49.19366859 -18.94357761 -18.89091879 -18.89034159 -18.88331448 -18.82644002 -18.80098623 -18.72613619 -18.70755659 -18.67569135 -18.67025998 -18.64765711 -18.64266628 -6.37645028 -5.93812798 -5.76142373 -5.61799765 -5.57857878 -5.38028047 -5.28671853 -5.20345025 5.89627842 6.14752425 6.40994628 6.46963398 6.69318820 6.81241696 6.88801252 7.01102773 7.47263898 7.62156046 8.15797344 8.27059335 8.36156757 8.63722813 8.91860901 9.04741594 9.14517064 9.31285930 9.61096998 9.75543727 10.05257911 10.12086169 10.44225536 10.48156940 15.73187731 15.73636170 15.89485900 16.14494578 16.39487792 16.98365448 17.08105590 17.12623903 17.38685152 17.41227283
  28 3.07986545 -49.20022415 -49.20008091 -49.19423529 -49.19409573 -18.98300337 -18.98298645 -18.92459415 -18.92457977 -18.74633546 -18.74632297 -18.69235505 -18.69233310 -18.66051082 -18.66050404 -18.64204673 -18.64200121 -6.23728468 -6.23721695 -5.87212499 -5.87200494 -5.32392786 -5.32391055 -5.13843422 -5.13838877 6.29110527 6.29116906 6.48127908 6.48133826 6.76744247 6.76748109 7.22483745 7.22486941 7.74817954 7.74821808 7.97410146 7.97418458 8.57526053 8.57530183 8.89698415 8.89701701 9.31529072 9.31534655 9.37548309 9.37552584 9.66648147 9.66653430 10.14066615 10.14071169 15.68565100 15.68579539 16.04459838 16.04472268 16.42849921 16.42856967 16.94523121 16.94529051 17.47122717 17.47125295
  29 3.21790373 -49.20950776 -49.19382808 -49.19369781 -49.19168498 -19.00958087 -18.98043383 -18.97700602 -18.80574630 -18.75923461 -18.73508279 -18.72754121 -18.70872821 -18.70196120 -18.63268716 -18.62122519 -18.61916678 -7.08590376 -5.76520523 -5.76314987 -5.61427460 -5.31025404 -5.28165552 -5.13011083 -5.07548733 5.43770513 5.57261182 5.67863697 6.20796023 6.35181954 6.64788843 7.42445793 7.54573679 7.59054746 7.92729931 8.11289926 8.30441277 8.40731202 8.86041821 9.17939870 9.18253138 9.46837126 9.49205711 9.49283409 9.68756114 9.94333593 10.47488035 10.54681004 10.67422226 15.93816961 15.99984144 16.24754114 16.27816930 16.56360964 16.57152325 16.86091990 16.86865394 16.87130742 17.40361884
  30 3.31081073 -49.20299490 -49.20293100 -49.19141381 -49.19136901 -18.91785602 -18.91782285 -18.87994426 -18.87993463 -18.82698694 -18.82692879 -18.71427839 -18.71425220 -18.66428603 -18.66426999 -18.64444501 -18.64443330 -6.38337088 -6.38333298 -5.53739428 -5.53734735 -5.34681157 -5.34679167 -5.30105729 -5.30103875 6.16762207 6.16764600 6.34963587 6.34966395 6.81073025 6.81075206 7.02792069 7.02802173 7.50696503 7.50706026 8.08963099 8.08978981 8.51416888 8.51422728 8.75709607 8.75717472 9.18316663 9.18319552 9.66077266 9.66083802 10.02860067 10.02866191 10.34385632 10.34391240 16.01333215 16.01338306 16.39627607 16.39643530 16.68391073 16.68396748 17.08069524 17.08073335 17.46563820 17.46566422
  31 3.44665898 -49.20386090 -49.19954236 -49.19303212 -49.19237179 -18.93106816 -18.89430369 -18.86607301 -18.85077148 -18.81873014 -18.80757831 -18.73163779 -18.72061974 -18.68896690 -18.67455451 -18.66412035 -18.65750925 -6.46103077 -5.97692800 -5.66534692 -5.64577759 -5.49141784 -5.36929952 -5.30139162 -5.20337404 5.82103295 5.90330481 6.43540728 6.48125498 6.62285901 6.80265154 6.80437219 6.89541152 7.50589317 7.50890320 8.20800464 8.27944169 8.33749245 8.58057690 9.02299038 9.08221788 9.25793075 9.40417893 9.74691829 9.76147305 10.16742290 10.24413317 10.50699081 10.51781613 15.63833808 15.94669568 15.96351748 16.29354728 16.50163652 16.89471864 17.09230149 17.32088137 17.49453019 17.54512908
  32 3.53956599 -49.20114971 -49.20100350 -49.19331291 -49.19316957 -18.95173069 -18.95172162 -18.88102898 -18.88101358 -18.79795482 -18.79795072 -18.70344215 -18.70340314 -18.67676367 -18.67670593 -18.64022923 -18.64021411 -6.25234369 -6.25229373 -5.76396335 -5.76386947 -5.37630999 -5.37627228 -5.17660846 -5.17657322 6.19408787 6.19413841 6.34047962 6.34054516 6.74578848 6.74582163 7.48061560 7.48066065 7.74962738 7.74967213 7.95124220 7.95126996 8.41249485 8.41255421 8.64443104 8.64448065 9.32581217 9.32583793 9.53450663 9.53452947 9.86296548 9.86299867 10.20642515 10.20645859 15.84045980 15.84061987 16.09613541 16.09623406 16.47541289 16.47544426 16.97083919 16.97089692 17.53950346 17.53957477
