   1 0.00000000 -50.25952471 -50.24740448 -50.24224297 -50.23966668 -20.10095999 -20.02192309 -20.00319657 -19.88300956 -19.84571429 -19.82883884 -19.81783495 -19.78187496 -19.73975766 -19.71488660 -19.69416481 -19.67122328 -7.92983969 -7.00920007 -6.62217911 -6.58116796 -6.57217372 -6.38412742 -6.09487707 -6.05278692 4.56539177 4.75446298 5.21076701 5.46384899 5.48302581 5.69437371 6.11704011 6.47280424 6.72653954 6.86830517 7.29992547 7.30998285 7.36183006 7.44422588 7.64921453 7.70880293 7.92712728 8.32521744 8.83011484 8.84493466 9.07288828 9.22067504 9.30008040 9.30981066 14.51515682 14.74573375 14.84046166 15.00583961 15.04824609 15.14371389 15.27822147 15.91884597 16.05050113 16.09155123
   2 0.08779299 -50.25436837 -50.25433205 -50.24006908 -50.24003268 -20.01353533 -20.01350352 -19.91525261 -19.91521684 -19.91399315 -19.91396025 -19.78854725 -19.78851096 -19.71466841 -19.71465082 -19.71111786 -19.71111117 -7.33031868 -7.33024235 -6.65905806 -6.65897881 -6.36153543 -6.36148879 -6.32375481 -6.32370740 5.41169524 5.41173746 5.60122671 5.60124876 5.61039425 5.61045341 6.09211039 6.09215651 6.50372215 6.50378121 7.08375053 7.08380064 7.36795693 7.36800281 7.85095685 7.85103327 8.22643274 8.22650965 8.35946216 8.35952302 8.47505946 8.47511126 9.22195555 9.22202080 14.85493104 14.85494608 15.06975880 15.06978119 15.36610183 15.36612132 15.70613573 15.70615370 16.04590131 16.04593510
   3 0.22140927 -50.25352314 -50.25348179 -50.24100839 -50.24096695 -19.98595066 -19.98591285 -19.93490906 -19.93488011 -19.85308447 -19.85305016 -19.81272316 -19.81271796 -19.73922932 -19.73922498 -19.73901190 -19.73897370 -7.15766373 -7.15762970 -6.67779599 -6.67776609 -6.46384523 -6.46380891 -6.37406055 -6.37403228 5.15383273 5.15384371 5.64693259 5.64695345 5.73938596 5.73940179 5.94411470 5.94414272 6.25519907 6.25523470 7.26309465 7.26310067 7.65352436 7.65354420 7.87286201 7.87289017 8.03131010 8.03132643 8.25008617 8.25010706 9.18652565 9.18655319 9.20145231 9.20148373 15.22535861 15.22538076 15.29800772 15.29802501 15.50492527 15.50494783 15.79552877 15.79553451 16.05190118 16.05191103
   4 0.30920226 -50.25334150 -50.25330015 -50.24107940 -50.24103796 -20.01375915 -20.01374125 -19.93581036 -19.93579802 -19.89407134 -19.89406548 -19.75804145 -19.75801151 -19.75282704 -19.75278585 -19.70736090 -19.70735114 -7.25000992 -7.24999519 -6.86967579 -6.86966705 -6.35077258 -6.35075142 -6.17926686 -6.17924597 4.94673399 4.94674070 5.42201250 5.42202258 5.93969242 5.93970119 6.58415729 6.58415922 6.76063632 6.76065204 6.83941667 6.83943665 7.36122511 7.36124428 7.40614148 7.40615521 8.24402153 8.24403853 8.54873725 8.54875834 8.81353610 8.81355326 9.07158692 9.07160790 15.05037129 15.05037845 15.17506600 15.17507278 15.42411488 15.42413607 15.93275037 15.93277332 16.17716295 16.17717684
   5 0.45118334 -50.25665053 -50.24664417 -50.24301392 -50.24257503 -20.04946047 -20.04676199 -19.97722513 -19.96671468 -19.82797598 -19.78425542 -19.77980522 -19.77807460 -19.75903210 -19.72233350 -19.71242426 -19.70768195 -7.70407437 -6.94050860 -6.85098782 -6.82068458 -6.32019398 -6.25926579 -6.18662213 -6.17121024 4.73606812 4.87447889 5.22044009 5.31690155 5.57539149 5.93606101 6.03924123 6.25839743 6.55623666 6.76479471 7.05973713 7.28007376 7.39702726 7.57964825 7.95215725 7.98508826 8.07992403 8.18219244 8.42848933 8.67335915 8.97209526 9.18504948 9.22155254 9.35269516 14.36293322 14.59541166 14.84740333 14.90344634 15.23007259 15.42501330 15.63514849 16.06921035 16.13252024 16.16581872
   6 0.53897633 -50.25230381 -50.25226746 -50.24216931 -50.24213288 -20.01345279 -20.01343074 -19.93294007 -19.93292385 -19.88069848 -19.88067082 -19.78446385 -19.78444688 -19.74031661 -19.74028826 -19.70850890 -19.70849535 -7.19439377 -7.19431971 -6.62663990 -6.62656558 -6.48878432 -6.48873594 -6.37173165 -6.37168760 5.35937484 5.35940351 5.55009252 5.55012424 5.92945249 5.92948864 6.15079452 6.15082422 6.66282988 6.66286294 6.86746500 6.86752643 7.15306966 7.15309751 7.82072357 7.82078652 8.11474817 8.11480162 8.25927616 8.25935054 8.69101734 8.69106843 9.14401051 9.14405160 14.72241906 14.72243012 14.85802541 14.85806227 15.67746796 15.67749313 15.72204153 15.72209574 16.39011214 16.39014218
   7 0.67259261 -50.25168200 -50.25164065 -50.24284008 -50.24279863 -20.00961159 -20.00958186 -19.95512033 -19.95509212 -19.86885441 -19.86883089 -19.77981511 -19.77977787 -19.74657464 -19.74654476 -19.70428056 -19.70425726 -7.08378122 -7.08374716 -6.74029473 -6.74026338 -6.45712733 -6.45709163 -6.39736714 -6.39733731 5.26035921 5.26037078 5.64572069 5.64573507 5.71906254 5.71907394 5.97584827 5.97587208 6.37484269 6.37486942 7.11549831 7.11551686 7.57201776 7.57203971 7.61795816 7.61797787 8.22217084 8.22219674 8.53691436 8.53692537 9.02486810 9.02490464 9.14531297 9.14534401 14.93937811 14.93939425 15.18292047 15.18294227 15.32917712 15.32919965 15.66330774 15.66331992 16.30654476 16.30656068
   8 0.76038560 -50.25156852 -50.25152717 -50.24289231 -50.24285086 -20.05789946 -20.05788523 -19.97080451 -19.97078708 -19.83368009 -19.83367231 -19.76894848 -19.76894570 -19.72051326 -19.72050457 -19.70862478 -19.70861559 -7.25139307 -7.25138145 -6.82346500 -6.82345198 -6.47488395 -6.47486767 -6.09522153 -6.09520946 5.03190015 5.03190489 5.54996275 5.54997116 5.66954067 5.66954380 6.32200384 6.32201913 6.61005543 6.61006392 7.16436043 7.16436709 7.55171690 7.55173081 7.87159133 7.87159852 8.22599714 8.22601599 8.37959669 8.37961741 8.73005724 8.73006749 8.88101971 8.88103684 14.72212772 14.72213542 15.19520941 15.19521855 15.54146902 15.54147998 15.86032053 15.86032819 15.93064367 15.93065041
   9 0.90236668 -50.24966608 -50.24964830 -50.24482874 -50.24481065 -20.04621655 -20.04620890 -19.92771389 -19.92769970 -19.87015807 -19.87014469 -19.74146150 -19.74144675 -19.73763766 -19.73763470 -19.73685225 -19.73683482 -7.17326656 -7.17319815 -6.94588425 -6.94586941 -6.41797061 -6.41792107 -6.09094115 -6.09092941 4.74912548 4.74915356 5.56334667 5.56339064 5.82717510 5.82723227 6.18010846 6.18020615 6.46169180 6.46176203 6.97373401 6.97376153 7.50341315 7.50344893 7.83024835 7.83025672 8.08696055 8.08700053 8.80303860 8.80310028 8.95317082 8.95319847 9.24837248 9.24846188 14.30366458 14.30372845 14.95208559 14.95210111 15.34927732 15.34929072 16.05285461 16.05294829 16.17592391 16.17599080
  10 0.99015967 -50.24726496 -50.24726427 -50.24724083 -50.24720561 -19.98379014 -19.98378148 -19.98375559 -19.98374423 -19.81417983 -19.81416083 -19.81415283 -19.81411178 -19.73386248 -19.73385845 -19.73383245 -19.73382033 -6.86435779 -6.86429173 -6.86426710 -6.86421145 -6.47967650 -6.47962627 -6.47959069 -6.47954653 5.52235389 5.52236892 5.52239858 5.52242260 5.99789214 5.99790623 5.99795770 5.99796881 6.82574258 6.82577081 6.82582773 6.82585977 7.51672879 7.51674073 7.51681457 7.51682447 7.95305322 7.95307231 7.95310234 7.95312138 8.97333257 8.97339236 8.97341746 8.97346160 14.75366474 14.75367643 14.75369245 14.75371633 15.77115978 15.77118443 15.77120002 15.77121802 16.73001494 16.73005824
  11 1.12377595 -50.24726061 -50.24725994 -50.24723648 -50.24720126 -20.00737179 -20.00735768 -20.00734840 -20.00733363 -19.82435729 -19.82433840 -19.82433336 -19.82432189 -19.70005584 -19.70004408 -19.70003719 -19.70002838 -6.90677055 -6.90674640 -6.90664043 -6.90663715 -6.43484790 -6.43482322 -6.43472441 -6.43471346 5.60740717 5.60741896 5.60744721 5.60745933 5.68799869 5.68800955 5.68802356 5.68803517 6.73158024 6.73158238 6.73160854 6.73161463 7.76615752 7.76616953 7.76620380 7.76622635 8.21127203 8.21127941 8.21130543 8.21132406 9.10535216 9.10537172 9.10538012 9.10542501 14.91959724 14.91961131 14.91966211 14.91967880 15.39775998 15.39777137 15.39785336 15.39785946 16.42144836 16.42145788
  12 1.21156894 -50.24724537 -50.24724469 -50.24722124 -50.24718602 -20.04909511 -20.04908180 -20.04907191 -20.04906361 -19.75489988 -19.75489258 -19.75487078 -19.75486381 -19.72557506 -19.72555908 -19.72555619 -19.72553562 -7.08944399 -7.08942069 -7.08937034 -7.08936837 -6.23144518 -6.23142587 -6.23137652 -6.23136688 5.26329422 5.26330350 5.26332024 5.26332918 5.88360210 5.88361679 5.88363966 5.88364951 7.08085813 7.08086287 7.08089184 7.08091368 7.74208593 7.74209911 7.74216246 7.74216429 8.37698478 8.37699832 8.37705394 8.37707867 8.68244765 8.68245512 8.68246019 8.68247737 14.78927675 14.78928073 14.78933878 14.78934959 15.61369101 15.61370709 15.61372134 15.61375054 15.96753306 15.96755780
  13 1.35355001 -50.25665053 -50.24664417 -50.24301392 -50.24257503 -20.04946047 -20.04676199 -19.97722513 -19.96671468 -19.82797598 -19.78425542 -19.77980522 -19.77807460 -19.75903210 -19.72233350 -19.71242426 -19.70768195 -7.70407437 -6.94050860 -6.85098782 -6.82068458 -6.32019398 -6.25926579 -6.18662213 -6.17121024 4.73606812 4.87447889 5.22044009 5.31690155 5.57539149 5.93606101 6.03924123 6.25839743 6.55623666 6.76479471 7.05973713 7.28007376 7.39702726 7.57964825 7.95215725 7.98508826 8.07992403 8.18219244 8.42848933 8.67335915 8.97209526 9.18504948 9.22155254 9.35269516 14.36293322 14.59541166 14.84740333 14.90344634 15.23007259 15.42501330 15.63514849 16.06921035 16.13252024 16.16581872
  14 1.44134300 -50.25230381 -50.25226746 -50.24216931 -50.24213288 -20.01345279 -20.01343074 -19.93294007 -19.93292385 -19.88069848 -19.88067082 -19.78446385 -19.78444688 -19.74031661 -19.74028826 -19.70850890 -19.70849535 -7.19439377 -7.19431971 -6.62663990 -6.62656558 -6.48878432 -6.48873594 -6.37173165 -6.37168760 5.35937484 5.35940351 5.55009252 5.55012424 5.92945249 5.92948864 6.15079452 6.15082422 6.66282988 6.66286294 6.86746500 6.86752643 7.15306966 7.15309751 7.82072357 7.82078652 8.11474817 8.11480162 8.25927616 8.25935054 8.69101734 8.69106843 9.14401051 9.14405160 14.72241906 14.72243012 14.85802541 14.85806227 15.67746796 15.67749313 15.72204153 15.72209574 16.39011214 16.39014218
  15 1.57495929 -50.25168200 -50.25164065 -50.24284008 -50.24279863 -20.00961159 -20.00958186 -19.95512033 -19.95509212 -19.86885441 -19.86883089 -19.77981511 -19.77977787 -19.74657464 -19.74654476 -19.70428056 -19.70425726 -7.08378122 -7.08374716 -6.74029473 -6.74026338 -6.45712733 -6.45709163 -6.39736714 -6.39733731 5.26035921 5.26037078 5.64572069 5.64573507 5.71906254 5.71907394 5.97584827 5.97587208 6.37484269 6.37486942 7.11549831 7.11551686 7.57201776 7.57203971 7.61795816 7.61797787 8.22217084 8.22219674 8.53691436 8.53692537 9.02486810 9.02490464 9.14531297 9.14534401 14.93937811 14.93939425 15.18292047 15.18294227 15.32917712 15.32919965 15.66330774 15.66331992 16.30654476 16.30656068
  16 1.66275228 -50.25156852 -50.25152717 -50.24289231 -50.24285086 -20.05789946 -20.05788523 -19.97080451 -19.97078708 -19.83368009 -19.83367231 -19.76894848 -19.76894570 -19.72051326 -19.72050457 -19.70862478 -19.70861559 -7.25139307 -7.25138145 -6.82346500 -6.82345198 -6.47488395 -6.47486767 -6.09522153 -6.09520946 5.03190015 5.03190489 5.54996275 5.54997116 5.66954067 5.66954380 6.32200384 6.32201913 6.61005543 6.61006392 7.16436043 7.16436709 7.55171690 7.55173081 7.87159133 7.87159852 8.22599714 8.22601599 8.37959669 8.37961741 8.73005724 8.73006749 8.88101971 8.88103684 14.72212772 14.72213542 15.19520941 15.19521855 15.54146902 15.54147998 15.86032053 15.86032819 15.93064367 15.93065041
