   1 0.00000000 -49.06131188 -49.04549509 -49.04509312 -49.04503815 -18.80948947 -18.80566238 -18.80482449 -18.63485857 -18.55513155 -18.55487478 -18.55371883 -18.51494389 -18.50851660 -18.43536699 -18.43193908 -18.43136150 -6.86222411 -5.50677283 -5.46732116 -5.46234938 -4.87556379 -4.84653297 -4.83789112 -4.20660416 5.55784122 5.56900972 5.58389246 6.39336991 6.39395705 6.40892566 8.07275782 8.12951309 8.13334958 8.32494769 8.48163136 8.50735135 8.64004017 8.69200849 9.63698926 9.73333123 9.79314482 10.60671747 10.72298594 10.77051912 10.92506554 10.96755657 10.99980243 11.40353071 15.98801678 16.04942654 16.13319491 16.15879926 16.21105906 16.30502517 16.94918632 16.98724599 17.10434487 17.15778518
   2 0.09684958 -49.05358504 -49.05354033 -49.04492250 -49.04487751 -18.69131886 -18.69131152 -18.68284486 -18.68283702 -18.62945724 -18.62943445 -18.56366291 -18.56362374 -18.49425553 -18.49421638 -18.47324746 -18.47321795 -6.01739188 -6.01730235 -5.24654981 -5.24649720 -5.07659287 -5.07653639 -4.80305674 -4.80304681 6.42256715 6.42257935 6.60367794 6.60376642 6.97482367 6.97485587 7.30198088 7.30199667 7.72100800 7.72107098 8.34707018 8.34717231 8.53606148 8.53612444 9.36925306 9.36927273 9.73850999 9.73852972 10.64799644 10.64802377 10.75767057 10.75773838 10.93982904 10.93987765 16.30477140 16.30478495 16.44834294 16.44836664 16.67369919 16.67372897 16.99198977 16.99199560 17.14847034 17.14850717
   3 0.23412889 -49.05509436 -49.05180281 -49.04520770 -49.04503579 -18.71406196 -18.69942188 -18.66378158 -18.66121024 -18.64065774 -18.61875665 -18.56684134 -18.56528781 -18.50026621 -18.48620256 -18.48475588 -18.46878459 -6.17535544 -5.79583039 -5.28261640 -5.25015075 -5.17607451 -4.97109853 -4.87923417 -4.75603598 6.25389241 6.38137925 6.63922312 6.79519702 6.93342939 7.12532191 7.20913981 7.28839781 7.43957092 7.98350884 8.37857604 8.41884265 8.48358591 8.48703329 9.24406980 9.62531770 9.67788360 9.76106570 10.48025337 10.68883947 10.72529203 10.77228978 10.90896458 11.10811312 16.05544473 16.26051790 16.40852115 16.41416743 16.56099785 17.01464219 17.04555076 17.13899765 17.22283358 17.31423171
   4 0.33097848 -49.05110262 -49.05108019 -49.04737668 -49.04735299 -18.71566783 -18.71563906 -18.68434862 -18.68432202 -18.61871077 -18.61868355 -18.56503131 -18.56500163 -18.48981849 -18.48978553 -18.46366583 -18.46363236 -5.77952159 -5.77936994 -5.45008873 -5.45002795 -5.07902509 -5.07887665 -4.88291835 -4.88286187 6.65387449 6.65400139 6.87957136 6.87958061 7.12171745 7.12172914 7.57403442 7.57406594 8.15485842 8.15489897 8.20513405 8.20518813 8.74166909 8.74170073 8.94907322 8.94914841 9.58175019 9.58180253 9.91160629 9.91163089 10.50103792 10.50105431 10.58038469 10.58051978 15.71826115 15.71830063 16.19879109 16.19882211 16.81693863 16.81695204 17.12129210 17.12131744 17.54431008 17.54434843
   5 0.47039214 -49.06070263 -49.04566419 -49.04547669 -49.04510039 -18.79687046 -18.79685551 -18.79531372 -18.63552830 -18.56387301 -18.55559931 -18.55124447 -18.52357023 -18.50508621 -18.44567549 -18.43883797 -18.43649223 -6.79979677 -5.47241659 -5.46020466 -5.44833533 -4.94150915 -4.86085243 -4.85667879 -4.25883074 5.62806115 5.63877928 5.71966159 6.43412594 6.44777435 6.54100831 7.88659423 7.96602267 8.15060397 8.19974102 8.35410739 8.53051844 8.64175044 8.85312917 9.68623481 9.75313512 9.94421182 10.37448477 10.54338080 10.73043373 10.83340151 10.96391807 10.96502699 11.36760825 16.01249065 16.11851028 16.15420170 16.26984878 16.33093107 16.34721746 16.89213313 16.92110916 17.03284591 17.26061892
   6 0.56724172 -49.05325164 -49.05320692 -49.04524206 -49.04519705 -18.69489910 -18.69487157 -18.68071228 -18.68068858 -18.63484333 -18.63482376 -18.55289857 -18.55286813 -18.50397514 -18.50394021 -18.46785819 -18.46783682 -5.98947176 -5.98938194 -5.26896147 -5.26889127 -5.07838600 -5.07834049 -4.81451167 -4.81450152 6.47812748 6.47814778 6.66027775 6.66039265 7.02795504 7.02797942 7.25816228 7.25820125 7.72826338 7.72833356 8.32013359 8.32021374 8.62782196 8.62786643 9.26936868 9.26942697 9.79166994 9.79169674 10.53121635 10.53130373 10.66969168 10.66971891 10.90983573 10.90986289 16.22367876 16.22369492 16.39488268 16.39496537 16.75133672 16.75138848 16.99337060 16.99338530 17.20729566 17.20743575
   7 0.70452103 -49.05470752 -49.05154931 -49.04544607 -49.04540905 -18.71717661 -18.69272737 -18.67096212 -18.66051734 -18.64323421 -18.62922786 -18.56017978 -18.56007421 -18.49266445 -18.48691444 -18.48308649 -18.47400606 -6.14359864 -5.77079208 -5.32085479 -5.24077658 -5.19598616 -4.96425611 -4.90115979 -4.76422152 6.32665876 6.39702263 6.70952819 6.77365836 6.94567550 7.09507450 7.28698379 7.36188809 7.48998076 8.01457949 8.32598826 8.43597680 8.45730739 8.53875543 9.22561509 9.61175056 9.62343880 9.73530166 10.48070777 10.49141356 10.54096310 10.80762676 10.89123758 11.08121774 15.97497666 16.21383801 16.21801817 16.43363364 16.64845661 17.07664426 17.08764495 17.14358480 17.19424523 17.35249868
   8 0.80137062 -49.05094840 -49.05092603 -49.04751144 -49.04748771 -18.73669559 -18.73666901 -18.71060142 -18.71057095 -18.59050821 -18.59047918 -18.54791702 -18.54789156 -18.48786537 -18.48782615 -18.46232741 -18.46229063 -5.79765933 -5.79751238 -5.52592598 -5.52584674 -5.00634615 -5.00621241 -4.85713976 -4.85707753 6.66605468 6.66616718 6.90430584 6.90432063 7.11432358 7.11432940 7.48091828 7.48094291 8.17861617 8.17865974 8.26007125 8.26012302 8.83507978 8.83509231 9.04708220 9.04716916 9.53871031 9.53878290 9.87886724 9.87889730 10.43081567 10.43087413 10.51917048 10.51923170 15.68824856 15.68830662 16.16354368 16.16358675 16.68428435 16.68431468 17.04257040 17.04259215 17.63856753 17.63860324
   9 0.94078428 -49.05896242 -49.04743128 -49.04543496 -49.04512032 -18.77190436 -18.76823372 -18.76065669 -18.64082410 -18.58920701 -18.55752759 -18.54801791 -18.54068326 -18.49912186 -18.48023299 -18.45029310 -18.44849020 -6.62016555 -5.49622850 -5.39608461 -5.38020203 -5.08018021 -4.90952091 -4.89392939 -4.40188211 5.77402244 5.87468760 6.14475368 6.53930343 6.57124178 6.94607376 7.56006265 7.59594251 7.79822796 8.05800422 8.20697653 8.59418065 8.72784485 9.14254731 9.67323907 9.69310601 9.79256120 10.03495964 10.24417021 10.63795614 10.74391967 10.93426861 10.95808079 11.27305577 16.09045140 16.18212731 16.25515536 16.38447812 16.41638821 16.74099536 16.79230794 16.85576557 16.98641045 17.30313765
  10 1.03763386 -49.05230102 -49.05225632 -49.04616183 -49.04611675 -18.70342830 -18.70339563 -18.67801101 -18.67797919 -18.63840926 -18.63838549 -18.53644906 -18.53641396 -18.51734777 -18.51731405 -18.46249208 -18.46247668 -5.90901620 -5.90892554 -5.34938931 -5.34929983 -5.06255306 -5.06252554 -4.84823981 -4.84823042 6.58588296 6.58592580 6.85248967 6.85261519 7.06743279 7.06745406 7.26550160 7.26556809 7.76599913 7.76606173 8.24663005 8.24666828 8.83593789 8.83598342 9.09311358 9.09315457 9.76528201 9.76529093 10.23898782 10.23910541 10.52958787 10.52960222 10.82151178 10.82151984 16.08906362 16.08909461 16.25768785 16.25774166 16.90346348 16.90355276 17.02362896 17.02368266 17.30371921 17.30388319
  11 1.17491317 -49.05360531 -49.05082489 -49.04648180 -49.04613651 -18.72218537 -18.68386449 -18.67493877 -18.67469531 -18.65031460 -18.63046056 -18.55915555 -18.54789315 -18.48662529 -18.48595776 -18.47864837 -18.47782591 -6.05252305 -5.69943748 -5.42589475 -5.25510777 -5.21286448 -4.95846561 -4.94400251 -4.78869953 6.45290360 6.52173462 6.73574651 6.89542280 6.99861533 7.03407976 7.49044284 7.55868295 7.56011010 7.95105732 8.22473204 8.42086389 8.54736817 8.68570979 9.22909013 9.42340356 9.55347985 9.59603966 10.23941106 10.27869982 10.46386773 10.60055769 10.83375732 10.96431265 15.85153888 15.92389724 16.13946023 16.43755038 16.81179655 16.98794177 17.11754786 17.17439842 17.24756290 17.32597464
  12 1.27176276 -49.05051461 -49.05049240 -49.04789203 -49.04786805 -18.77107561 -18.77105470 -18.75140055 -18.75137747 -18.55017261 -18.55013341 -18.52203147 -18.52199339 -18.48031378 -18.48027626 -18.45769973 -18.45766275 -5.83436265 -5.83422599 -5.65831418 -5.65821842 -4.88366383 -4.88354578 -4.80009058 -4.80001668 6.69050816 6.69058831 6.94097652 6.94100801 7.12833376 7.12836537 7.30462720 7.30465289 8.28709947 8.28713979 8.42266590 8.42268248 8.95491251 8.95493596 9.19073192 9.19081039 9.50379857 9.50388601 9.83283084 9.83284045 10.23472822 10.23485387 10.36966628 10.36969518 15.59782697 15.59789344 15.98546666 15.98549919 16.58118333 16.58120462 16.91137227 16.91140201 17.75779069 17.75782284
  13 1.41117642 -49.05634293 -49.05008906 -49.04537962 -49.04515236 -18.73515842 -18.72794214 -18.70673365 -18.65940204 -18.62700734 -18.57272158 -18.55980210 -18.55527477 -18.50023174 -18.48981139 -18.46904853 -18.46219415 -6.34609269 -5.69458287 -5.32459584 -5.27874770 -5.12566361 -4.98623420 -4.90081329 -4.59908638 6.02861771 6.23913459 6.61072335 6.64577143 6.92502063 7.23090580 7.24864269 7.27755275 7.51314344 7.78306983 8.30569379 8.45597844 8.75942807 9.03520187 9.15517347 9.47180216 9.66597480 9.83427755 10.53290821 10.57943045 10.67509114 10.87753826 10.96831872 11.14479481 16.20327677 16.20702350 16.29934198 16.39810092 16.58461275 16.78770957 16.81605677 16.97227619 17.09180002 17.32948920
  14 1.50802600 -49.05088030 -49.05083573 -49.04755171 -49.04750643 -18.70714138 -18.70710985 -18.68923011 -18.68919474 -18.62021828 -18.62017534 -18.55864669 -18.55860294 -18.49723831 -18.49722514 -18.46460228 -18.46459271 -5.78581592 -5.78572393 -5.48134135 -5.48124728 -5.01929831 -5.01928400 -4.89996678 -4.89995988 6.70134677 6.70138018 6.93535620 6.93538607 7.16171090 7.16179558 7.36793946 7.36797872 7.88139018 7.88145126 8.27122134 8.27126695 8.67293342 8.67301735 9.16498108 9.16500712 9.54679491 9.54681026 9.99498982 9.99503376 10.48899794 10.48900416 10.68554142 10.68554373 16.00155348 16.00160934 16.12137540 16.12142470 17.01658707 17.01667112 17.06246535 17.06253225 17.40282360 17.40295868
  15 1.64530531 -49.05195908 -49.04973850 -49.04809774 -49.04718879 -18.72211044 -18.69618765 -18.69144627 -18.67596067 -18.64171846 -18.60451942 -18.57794102 -18.55046615 -18.49021981 -18.47759561 -18.47682836 -18.46937716 -5.91424564 -5.59293455 -5.57639889 -5.34989642 -5.16717221 -5.03251346 -4.91157718 -4.82650452 6.55017332 6.70081152 6.75735116 6.97452534 7.11034975 7.12108748 7.48932550 7.68930149 7.79878853 7.86283232 8.19442508 8.44268996 8.60640387 8.88195123 9.04651328 9.23023937 9.38297366 9.64042725 9.95699578 10.15332444 10.32307344 10.40886248 10.75237981 10.80037570 15.73210574 15.74537691 16.12596683 16.33713479 16.95056055 16.99574414 17.09291605 17.22115051 17.25055038 17.30066789
  16 1.74215489 -49.04988603 -49.04986416 -49.04846454 -49.04843946 -18.79437113 -18.79435319 -18.78364797 -18.78362914 -18.52364238 -18.52357747 -18.51059420 -18.51052071 -18.46541857 -18.46539521 -18.45179052 -18.45176398 -5.85619791 -5.85607213 -5.77063847 -5.77053196 -4.78768663 -4.78758039 -4.75136749 -4.75128212 6.72101960 6.72107054 6.88979266 6.88982347 7.18254439 7.18257323 7.23500704 7.23505199 8.44514025 8.44518694 8.59207712 8.59208434 8.98364118 8.98366813 9.26611448 9.26616023 9.48918417 9.48923552 9.77826868 9.77835200 10.07503799 10.07509567 10.22420399 10.22424335 15.50493881 15.50498822 15.70971548 15.70973726 16.64318938 16.64323943 16.81719671 16.81724709 17.80115501 17.80118304
  17 1.88156856 -49.05331199 -49.05314213 -49.04535017 -49.04517923 -18.69413397 -18.69400050 -18.68367430 -18.68353949 -18.63141772 -18.63129650 -18.56051312 -18.56039087 -18.48837990 -18.48823886 -18.47701625 -18.47687082 -6.01641658 -6.01635969 -5.26375962 -5.26369104 -5.06928999 -5.06924134 -4.79423165 -4.79415782 6.34589237 6.34599651 6.75618700 6.75624758 6.93169760 6.93173139 7.33863851 7.33869252 7.72232926 7.72240671 8.37257309 8.37261084 8.43838788 8.43844578 9.37199178 9.37199591 9.70860776 9.70865285 10.61267196 10.61278192 10.74925608 10.74928225 11.02768018 11.02776455 16.24827030 16.24837583 16.32650103 16.32660378 16.71236329 16.71247629 16.91597356 16.91611940 17.28384516 17.28405914
  18 1.97841814 -49.04929356 -49.04925151 -49.04912804 -49.04907335 -18.70193429 -18.70191257 -18.70189069 -18.70187424 -18.59035237 -18.59033360 -18.59022595 -18.59016126 -18.47652964 -18.47652362 -18.47651291 -18.47650353 -5.63595698 -5.63592338 -5.63585873 -5.63580307 -4.96085335 -4.96082150 -4.96078251 -4.96076050 6.82218750 6.82220601 6.82223400 6.82225515 7.34179793 7.34183738 7.34187779 7.34192974 8.12718024 8.12723199 8.12728039 8.12733893 8.80113055 8.80114546 8.80123796 8.80125458 9.75063135 9.75065140 9.75070554 9.75072715 10.55401420 10.55402149 10.55402553 10.55403328 16.02013250 16.02017191 16.02031353 16.02037141 17.06280731 17.06282404 17.06299431 17.06300484 17.51077133 17.51077641
  19 2.11569745 -49.05010699 -49.04993756 -49.04854092 -49.04836966 -18.71333708 -18.71330411 -18.68881704 -18.68880255 -18.60906718 -18.60893272 -18.57463098 -18.57448149 -18.48251742 -18.48251020 -18.46936809 -18.46935627 -5.74771359 -5.74762564 -5.46915506 -5.46909285 -5.10559358 -5.10550505 -4.87035242 -4.87025471 6.64545762 6.64553894 6.90423234 6.90427711 7.30692459 7.30701344 7.37107952 7.37112597 8.11714964 8.11726168 8.22211196 8.22216909 8.69591704 8.69596610 9.03790752 9.03797204 9.67090966 9.67092635 9.83408349 9.83417561 10.33673550 10.33675464 10.71569969 10.71582239 15.68455478 15.68461342 16.20176611 16.20178831 17.00983888 17.00987506 17.16037024 17.16056024 17.27328400 17.27335177
  20 2.21254703 -49.04925938 -49.04921746 -49.04909419 -49.04903938 -18.79902835 -18.79901170 -18.79897325 -18.79894559 -18.51202812 -18.51199810 -18.51193201 -18.51190082 -18.45309854 -18.45307980 -18.45301319 -18.45298982 -5.83831543 -5.83824954 -5.83820091 -5.83811877 -4.74252256 -4.74242852 -4.74242346 -4.74233462 6.78576131 6.78577502 6.78579948 6.78581415 7.22968500 7.22972022 7.22974976 7.22977899 8.57021678 8.57026305 8.57029045 8.57034467 9.16405347 9.16407151 9.16412007 9.16416074 9.56213805 9.56216243 9.56221622 9.56223657 10.13585408 10.13585838 10.13588682 10.13590088 15.52462232 15.52462468 15.52466335 15.52469024 16.73754358 16.73756472 16.73765658 16.73766800 17.80455283 17.80457429
  21 2.35196070 -49.05634293 -49.05008906 -49.04537962 -49.04515236 -18.73515842 -18.72794214 -18.70673365 -18.65940204 -18.62700734 -18.57272158 -18.55980210 -18.55527477 -18.50023174 -18.48981139 -18.46904853 -18.46219415 -6.34609269 -5.69458287 -5.32459584 -5.27874770 -5.12566361 -4.98623420 -4.90081329 -4.59908638 6.02861771 6.23913459 6.61072335 6.64577143 6.92502063 7.23090580 7.24864269 7.27755275 7.51314344 7.78306983 8.30569379 8.45597844 8.75942807 9.03520187 9.15517347 9.47180216 9.66597480 9.83427755 10.53290821 10.57943045 10.67509114 10.87753826 10.96831872 11.14479481 16.20327677 16.20702350 16.29934198 16.39810092 16.58461275 16.78770957 16.81605677 16.97227619 17.09180002 17.32948920
  22 2.44881028 -49.05088030 -49.05083573 -49.04755171 -49.04750643 -18.70714138 -18.70710985 -18.68923011 -18.68919474 -18.62021828 -18.62017534 -18.55864669 -18.55860294 -18.49723831 -18.49722514 -18.46460228 -18.46459271 -5.78581592 -5.78572393 -5.48134135 -5.48124728 -5.01929831 -5.01928400 -4.89996678 -4.89995988 6.70134677 6.70138018 6.93535620 6.93538607 7.16171090 7.16179558 7.36793946 7.36797872 7.88139018 7.88145126 8.27122134 8.27126695 8.67293342 8.67301735 9.16498108 9.16500712 9.54679491 9.54681026 9.99498982 9.99503376 10.48899794 10.48900416 10.68554142 10.68554373 16.00155348 16.00160934 16.12137540 16.12142470 17.01658707 17.01667112 17.06246535 17.06253225 17.40282360 17.40295868
  23 2.58608959 -49.05195908 -49.04973850 -49.04809774 -49.04718879 -18.72211044 -18.69618765 -18.69144627 -18.67596067 -18.64171846 -18.60451942 -18.57794102 -18.55046615 -18.49021981 -18.47759561 -18.47682836 -18.46937716 -5.91424564 -5.59293455 -5.57639889 -5.34989642 -5.16717221 -5.03251346 -4.91157718 -4.82650452 6.55017332 6.70081152 6.75735116 6.97452534 7.11034975 7.12108748 7.48932550 7.68930149 7.79878853 7.86283232 8.19442508 8.44268996 8.60640387 8.88195123 9.04651328 9.23023937 9.38297366 9.64042725 9.95699578 10.15332444 10.32307344 10.40886248 10.75237981 10.80037570 15.73210574 15.74537691 16.12596683 16.33713479 16.95056055 16.99574414 17.09291605 17.22115051 17.25055038 17.30066789
  24 2.68293917 -49.04988603 -49.04986416 -49.04846454 -49.04843946 -18.79437113 -18.79435319 -18.78364797 -18.78362914 -18.52364238 -18.52357747 -18.51059420 -18.51052071 -18.46541857 -18.46539521 -18.45179052 -18.45176398 -5.85619791 -5.85607213 -5.77063847 -5.77053196 -4.78768663 -4.78758039 -4.75136749 -4.75128212 6.72101960 6.72107054 6.88979266 6.88982347 7.18254439 7.18257323 7.23500704 7.23505199 8.44514025 8.44518694 8.59207712 8.59208434 8.98364118 8.98366813 9.26611448 9.26616023 9.48918417 9.48923552 9.77826868 9.77835200 10.07503799 10.07509567 10.22420399 10.22424335 15.50493881 15.50498822 15.70971548 15.70973726 16.64318938 16.64323943 16.81719671 16.81724709 17.80115501 17.80118304
  25 2.82235284 -49.05896242 -49.04743128 -49.04543496 -49.04512032 -18.77190436 -18.76823372 -18.76065669 -18.64082410 -18.58920701 -18.55752759 -18.54801791 -18.54068326 -18.49912186 -18.48023299 -18.45029310 -18.44849020 -6.62016555 -5.49622850 -5.39608461 -5.38020203 -5.08018021 -4.90952091 -4.89392939 -4.40188211 5.77402244 5.87468760 6.14475368 6.53930343 6.57124178 6.94607376 7.56006265 7.59594251 7.79822796 8.05800422 8.20697653 8.59418065 8.72784485 9.14254731 9.67323907 9.69310601 9.79256120 10.03495964 10.24417021 10.63795614 10.74391967 10.93426861 10.95808079 11.27305577 16.09045140 16.18212731 16.25515536 16.38447812 16.41638821 16.74099536 16.79230794 16.85576557 16.98641045 17.30313765
  26 2.91920242 -49.05230102 -49.05225632 -49.04616183 -49.04611675 -18.70342830 -18.70339563 -18.67801101 -18.67797919 -18.63840926 -18.63838549 -18.53644906 -18.53641396 -18.51734777 -18.51731405 -18.46249208 -18.46247668 -5.90901620 -5.90892554 -5.34938931 -5.34929983 -5.06255306 -5.06252554 -4.84823981 -4.84823042 6.58588296 6.58592580 6.85248967 6.85261519 7.06743279 7.06745406 7.26550160 7.26556809 7.76599913 7.76606173 8.24663005 8.24666828 8.83593789 8.83598342 9.09311358 9.09315457 9.76528201 9.76529093 10.23898782 10.23910541 10.52958787 10.52960222 10.82151178 10.82151984 16.08906362 16.08909461 16.25768785 16.25774166 16.90346348 16.90355276 17.02362896 17.02368266 17.30371921 17.30388319
  27 3.05648173 -49.05360531 -49.05082489 -49.04648180 -49.04613651 -18.72218537 -18.68386449 -18.67493877 -18.67469531 -18.65031460 -18.63046056 -18.55915555 -18.54789315 -18.48662529 -18.48595776 -18.47864837 -18.47782591 -6.05252305 -5.69943748 -5.42589475 -5.25510777 -5.21286448 -4.95846561 -4.94400251 -4.78869953 6.45290360 6.52173462 6.73574651 6.89542280 6.99861533 7.03407976 7.49044284 7.55868295 7.56011010 7.95105732 8.22473204 8.42086389 8.54736817 8.68570979 9.22909013 9.42340356 9.55347985 9.59603966 10.23941106 10.27869982 10.46386773 10.60055769 10.83375732 10.96431265 15.85153888 15.92389724 16.13946023 16.43755038 16.81179655 16.98794177 17.11754786 17.17439842 17.24756290 17.32597464
  28 3.15333131 -49.05051461 -49.05049240 -49.04789203 -49.04786805 -18.77107561 -18.77105470 -18.75140055 -18.75137747 -18.55017261 -18.55013341 -18.52203147 -18.52199339 -18.48031378 -18.48027626 -18.45769973 -18.45766275 -5.83436265 -5.83422599 -5.65831418 -5.65821842 -4.88366383 -4.88354578 -4.80009058 -4.80001668 6.69050816 6.69058831 6.94097652 6.94100801 7.12833376 7.12836537 7.30462720 7.30465289 8.28709947 8.28713979 8.42266590 8.42268248 8.95491251 8.95493596 9.19073192 9.19081039 9.50379857 9.50388601 9.83283084 9.83284045 10.23472822 10.23485387 10.36966628 10.36969518 15.59782697 15.59789344 15.98546666 15.98549919 16.58118333 16.58120462 16.91137227 16.91140201 17.75779069 17.75782284
  29 3.29274497 -49.06070263 -49.04566419 -49.04547669 -49.04510039 -18.79687046 -18.79685551 -18.79531372 -18.63552830 -18.56387301 -18.55559931 -18.55124447 -18.52357023 -18.50508621 -18.44567549 -18.43883797 -18.43649223 -6.79979677 -5.47241659 -5.46020466 -5.44833533 -4.94150915 -4.86085243 -4.85667879 -4.25883074 5.62806115 5.63877928 5.71966159 6.43412594 6.44777435 6.54100831 7.88659423 7.96602267 8.15060397 8.19974102 8.35410739 8.53051844 8.64175044 8.85312917 9.68623481 9.75313512 9.94421182 10.37448477 10.54338080 10.73043373 10.83340151 10.96391807 10.96502699 11.36760825 16.01249065 16.11851028 16.15420170 16.26984878 16.33093107 16.34721746 16.89213313 16.92110916 17.03284591 17.26061892
  30 3.38959456 -49.05325164 -49.05320692 -49.04524206 -49.04519705 -18.69489910 -18.69487157 -18.68071228 -18.68068858 -18.63484333 -18.63482376 -18.55289857 -18.55286813 -18.50397514 -18.50394021 -18.46785819 -18.46783682 -5.98947176 -5.98938194 -5.26896147 -5.26889127 -5.07838600 -5.07834049 -4.81451167 -4.81450152 6.47812748 6.47814778 6.66027775 6.66039265 7.02795504 7.02797942 7.25816228 7.25820125 7.72826338 7.72833356 8.32013359 8.32021374 8.62782196 8.62786643 9.26936868 9.26942697 9.79166994 9.79169674 10.53121635 10.53130373 10.66969168 10.66971891 10.90983573 10.90986289 16.22367876 16.22369492 16.39488268 16.39496537 16.75133672 16.75138848 16.99337060 16.99338530 17.20729566 17.20743575
  31 3.52687387 -49.05470752 -49.05154931 -49.04544607 -49.04540905 -18.71717661 -18.69272737 -18.67096212 -18.66051734 -18.64323421 -18.62922786 -18.56017978 -18.56007421 -18.49266445 -18.48691444 -18.48308649 -18.47400606 -6.14359864 -5.77079208 -5.32085479 -5.24077658 -5.19598616 -4.96425611 -4.90115979 -4.76422152 6.32665876 6.39702263 6.70952819 6.77365836 6.94567550 7.09507450 7.28698379 7.36188809 7.48998076 8.01457949 8.32598826 8.43597680 8.45730739 8.53875543 9.22561509 9.61175056 9.62343880 9.73530166 10.48070777 10.49141356 10.54096310 10.80762676 10.89123758 11.08121774 15.97497666 16.21383801 16.21801817 16.43363364 16.64845661 17.07664426 17.08764495 17.14358480 17.19424523 17.35249868
  32 3.62372345 -49.05094840 -49.05092603 -49.04751144 -49.04748771 -18.73669559 -18.73666901 -18.71060142 -18.71057095 -18.59050821 -18.59047918 -18.54791702 -18.54789156 -18.48786537 -18.48782615 -18.46232741 -18.46229063 -5.79765933 -5.79751238 -5.52592598 -5.52584674 -5.00634615 -5.00621241 -4.85713976 -4.85707753 6.66605468 6.66616718 6.90430584 6.90432063 7.11432358 7.11432940 7.48091828 7.48094291 8.17861617 8.17865974 8.26007125 8.26012302 8.83507978 8.83509231 9.04708220 9.04716916 9.53871031 9.53878290 9.87886724 9.87889730 10.43081567 10.43087413 10.51917048 10.51923170 15.68824856 15.68830662 16.16354368 16.16358675 16.68428435 16.68431468 17.04257040 17.04259215 17.63856753 17.63860324
