   1 0.00000000 -49.18270197 -49.16763678 -49.16762829 -49.16761156 -18.91542982 -18.91542709 -18.91534315 -18.77201590 -18.68011603 -18.67998991 -18.67988560 -18.61981835 -18.61959548 -18.54927004 -18.54919541 -18.54913458 -6.87767821 -5.53767530 -5.53755841 -5.53742909 -4.90493422 -4.90478029 -4.90447917 -4.19864593 5.51801648 5.51845995 5.51874712 6.32134123 6.32145330 6.32159153 8.12203778 8.12205767 8.12321173 8.38518510 8.38675381 8.44258778 8.44618473 8.52987185 9.61503864 9.61586857 9.61788163 10.67764998 10.67795004 10.67807702 11.09257216 11.09283250 11.09286337 11.32015144 15.78843262 15.88614376 15.88768180 15.94433298 15.94676054 15.94763475 16.84015253 16.84136742 16.84217949 17.00559349
   2 0.09696191 -49.17520958 -49.17520164 -49.16758784 -49.16757985 -18.80543000 -18.80542044 -18.79452917 -18.79451970 -18.74944276 -18.74943425 -18.68710143 -18.68709235 -18.61019150 -18.61018332 -18.59005262 -18.59004509 -6.03094976 -6.03094722 -5.27694246 -5.27694066 -5.15165094 -5.15164982 -4.86434215 -4.86434174 6.38899178 6.38899507 6.70851012 6.70851245 6.87863491 6.87863735 7.23656663 7.23656681 7.69194602 7.69194705 8.28464955 8.28464997 8.30049597 8.30049638 9.35048331 9.35048351 9.65586202 9.65586318 10.64551272 10.64551362 10.74116326 10.74116490 10.93184097 10.93184182 16.24553646 16.24554115 16.43304742 16.43305616 16.50414283 16.50415022 16.71682304 16.71683071 16.98308439 16.98309214
   3 0.23407572 -49.17521724 -49.17520257 -49.16758762 -49.16757292 -18.80550149 -18.80548642 -18.79460787 -18.79459625 -18.74939851 -18.74938391 -18.68705693 -18.68704966 -18.61019094 -18.61017786 -18.58999055 -18.58997360 -6.03125177 -6.03123054 -5.27710017 -5.27707343 -5.15147739 -5.15145383 -4.86405466 -4.86402600 6.38939521 6.38942417 6.70878027 6.70878910 6.87794434 6.87795758 7.23738833 7.23740658 7.69103228 7.69104751 8.28435312 8.28436170 8.30189951 8.30191454 9.34958700 9.34958795 9.65445440 9.65445621 10.64602274 10.64603862 10.73980911 10.73983587 10.93186864 10.93188104 16.24787501 16.24788626 16.43418039 16.43419137 16.50409650 16.50410727 16.71739383 16.71740694 16.98256378 16.98256685
   4 0.33103763 -49.17134360 -49.17133688 -49.17133657 -49.17131391 -18.81547099 -18.81546644 -18.81545648 -18.81545403 -18.71052566 -18.71051955 -18.71051873 -18.71049728 -18.59361862 -18.59361397 -18.59360834 -18.59360203 -5.65446974 -5.65446218 -5.65443041 -5.65442169 -5.03206211 -5.03205257 -5.03202391 -5.03201122 6.78736119 6.78736157 6.78738130 6.78738210 7.24390127 7.24391032 7.24392278 7.24393457 8.12777798 8.12779236 8.12779832 8.12781636 8.76176828 8.76177088 8.76178152 8.76178434 9.73321548 9.73321728 9.73322834 9.73322958 10.46490398 10.46490568 10.46493846 10.46494084 15.89825563 15.89825623 15.89825834 15.89825977 16.82689117 16.82689730 16.82690083 16.82691280 17.32499363 17.32499935
   5 0.47027773 -49.18213443 -49.16819722 -49.16762912 -49.16761212 -18.90637906 -18.90610675 -18.90307039 -18.77113622 -18.68805580 -18.68120801 -18.67741641 -18.62824007 -18.61777227 -18.56260613 -18.55486595 -18.55255876 -6.81526001 -5.52965365 -5.51543682 -5.49831065 -4.97640400 -4.92503104 -4.92363213 -4.25626444 5.57927069 5.59995228 5.67217010 6.36154135 6.36673070 6.46074643 7.87261025 7.94947957 8.12735287 8.18385745 8.30165752 8.43346111 8.55884118 8.69032342 9.64907933 9.67903168 9.78761500 10.41284017 10.53777742 10.63738560 10.98277002 11.01053273 11.07291398 11.28863896 15.87890648 15.93789652 15.99321251 16.02891514 16.03464789 16.03570801 16.81400002 16.82988892 16.86755581 16.99592367
   6 0.56723964 -49.17491313 -49.17490519 -49.16786400 -49.16785600 -18.80158789 -18.80157977 -18.80090079 -18.80089208 -18.75481678 -18.75480996 -18.67410641 -18.67409936 -18.62233298 -18.62232683 -18.58336391 -18.58335873 -6.00353940 -6.00353517 -5.29288519 -5.29287001 -5.15924947 -5.15923905 -4.87584109 -4.87583969 6.43603534 6.43603877 6.75463403 6.75463787 6.95404552 6.95404771 7.17047166 7.17047375 7.70247548 7.70248719 8.22269526 8.22270508 8.45049309 8.45049458 9.23493080 9.23493227 9.72489762 9.72489989 10.51104041 10.51104280 10.69412788 10.69412943 10.87141667 10.87141837 16.16458144 16.16458637 16.27898572 16.27899060 16.58774415 16.58774865 16.80036660 16.80037313 17.01099302 17.01099910
   7 0.70435345 -49.17492023 -49.17490556 -49.16786645 -49.16785175 -18.80987989 -18.80986641 -18.78953611 -18.78952599 -18.75647288 -18.75646020 -18.68202815 -18.68202310 -18.60564345 -18.60563225 -18.59354113 -18.59352476 -6.00291754 -6.00289626 -5.30582687 -5.30580070 -5.14358851 -5.14356527 -4.87911347 -4.87908607 6.45971739 6.45974702 6.71349128 6.71349971 6.85515546 6.85516756 7.31145924 7.31147816 7.74668478 7.74670079 8.23931982 8.23933643 8.34246619 8.34247807 9.33566983 9.33567524 9.60384380 9.60384852 10.55709421 10.55711832 10.63445882 10.63447450 10.93000801 10.93002999 16.16305483 16.16305964 16.26793939 16.26794153 16.54293057 16.54293554 16.94348304 16.94348544 16.98338162 16.98338734
   8 0.80131536 -49.17133040 -49.17132368 -49.17132336 -49.17130071 -18.83733140 -18.83732673 -18.83731951 -18.83731736 -18.69064298 -18.69063863 -18.69063718 -18.69062039 -18.59096606 -18.59096153 -18.59095609 -18.59094973 -5.69661610 -5.69660393 -5.69657717 -5.69656221 -4.98698000 -4.98696788 -4.98694198 -4.98692613 6.78790637 6.78791068 6.78792785 6.78793323 7.19659345 7.19660302 7.19661977 7.19663144 8.18448206 8.18449182 8.18450065 8.18451290 8.85757655 8.85758260 8.85759208 8.85760125 9.69124929 9.69125528 9.69126172 9.69126791 10.40887318 10.40887389 10.40890624 10.40890788 15.84087147 15.84087411 15.84087736 15.84087795 16.68095035 16.68095708 16.68095900 16.68096727 17.46404159 17.46404899
   9 0.94055546 -49.18051740 -49.16984060 -49.16760866 -49.16759238 -18.88086985 -18.87979441 -18.86751164 -18.77078616 -18.71196639 -18.68441048 -18.67282978 -18.65022427 -18.61215611 -18.59699069 -18.56990595 -18.56204498 -6.63552387 -5.54055843 -5.45392677 -5.38994773 -5.13932559 -4.98158364 -4.97242304 -4.41449277 5.75781546 5.83780743 6.10863699 6.48640172 6.49230389 6.85966344 7.52026412 7.55644083 7.75021525 7.99368299 8.15053432 8.39798654 8.74881812 9.02803309 9.62681262 9.67235273 9.81253844 10.01753391 10.11065354 10.55337197 10.87944976 10.92067585 11.02253007 11.18634953 16.01299105 16.06967144 16.10731330 16.19263666 16.25795372 16.42454716 16.73246397 16.76721619 16.91144405 16.97772151
  10 1.03751736 -49.17406967 -49.17406175 -49.16866210 -49.16865409 -18.81249635 -18.81249132 -18.79694052 -18.79693148 -18.75808657 -18.75808136 -18.65283389 -18.65283210 -18.63994730 -18.63994401 -18.57766731 -18.57766332 -5.92447858 -5.92447151 -5.36927773 -5.36925964 -5.14466772 -5.14465822 -4.91064873 -4.91064661 6.54657366 6.54657756 6.89404884 6.89405757 7.03181473 7.03181942 7.14303523 7.14303834 7.75418156 7.75419107 8.14711925 8.14712772 8.74381697 8.74381923 9.02246674 9.02247041 9.69737424 9.69738244 10.26966183 10.26966392 10.53636489 10.53636538 10.73556354 10.73556376 16.00330487 16.00331002 16.10028833 16.10029045 16.69714935 16.69715438 16.86416817 16.86417772 17.12716934 17.12717442
  11 1.17463118 -49.17407505 -49.17406039 -49.16866811 -49.16865341 -18.81769710 -18.81768639 -18.78594904 -18.78594555 -18.76131620 -18.76130485 -18.67621747 -18.67621645 -18.59971861 -18.59970521 -18.59706017 -18.59705256 -5.92191887 -5.92189745 -5.38754436 -5.38751955 -5.12007928 -5.12005688 -4.91940028 -4.91937581 6.65065099 6.65068194 6.73959341 6.73960002 6.81640198 6.81641186 7.51011256 7.51013279 7.78233671 7.78235808 8.15156247 8.15158778 8.49239958 8.49242126 9.33646113 9.33647507 9.40877488 9.40878525 10.27096742 10.27097820 10.58949310 10.58950770 10.77764507 10.77766437 16.01940455 16.01940597 16.07231287 16.07231453 16.64119918 16.64120166 17.02672842 17.02672930 17.06015148 17.06015937
  12 1.27159309 -49.17129439 -49.17128767 -49.17128735 -49.17126470 -18.87367153 -18.87366696 -18.87366086 -18.87365866 -18.66130668 -18.66130311 -18.66130168 -18.66128863 -18.58232706 -18.58232280 -18.58231709 -18.58231137 -5.78125749 -5.78124111 -5.78121860 -5.78119820 -4.89530521 -4.89529079 -4.89526740 -4.89524874 6.76735704 6.76736050 6.76737851 6.76738286 7.12917111 7.12917701 7.12919926 7.12920637 8.35427086 8.35427500 8.35428558 8.35428979 9.00953986 9.00955043 9.00955865 9.00957200 9.64058757 9.64059842 9.64060331 9.64061611 10.24830978 10.24831184 10.24833886 10.24834140 15.65844944 15.65845399 15.65845944 15.65846109 16.52864604 16.52865179 16.52865674 16.52866144 17.63341636 17.63342452
  13 1.41083318 -49.17808845 -49.17230257 -49.16759386 -49.16757818 -18.84401022 -18.84046962 -18.81343460 -18.77897453 -18.74914364 -18.69137047 -18.68788891 -18.67471584 -18.62111633 -18.60267628 -18.59017864 -18.57544657 -6.36092365 -5.71137905 -5.36557053 -5.26655123 -5.21012977 -5.06377212 -4.99966998 -4.63543700 6.04325389 6.20992524 6.60303750 6.61789767 6.86511511 7.18214249 7.18244601 7.21270238 7.44982267 7.65547725 8.20717106 8.30921272 8.72559952 9.03796853 9.10732833 9.37368160 9.61663140 9.83882635 10.41553611 10.56764000 10.79278864 10.86271343 10.96367042 11.02416630 16.16224505 16.21896345 16.24480800 16.35404061 16.50664930 16.60264871 16.65095986 16.77923159 16.85145749 17.02494370
  14 1.50779509 -49.17281193 -49.17280404 -49.16987773 -49.16986969 -18.81858123 -18.81857760 -18.80547205 -18.80546585 -18.74028257 -18.74027578 -18.67809617 -18.67808941 -18.61596137 -18.61595804 -18.58043463 -18.58043153 -5.80318516 -5.80317528 -5.50144615 -5.50143093 -5.09582651 -5.09582223 -4.96547722 -4.96547526 6.66882504 6.66882863 6.90528443 6.90528553 7.09481287 7.09482679 7.26627624 7.26628618 7.89876529 7.89876710 8.20142493 8.20142853 8.65244880 8.65245033 9.09912320 9.09912546 9.47116054 9.47116720 10.05385552 10.05385767 10.42423810 10.42424068 10.58616729 10.58616955 15.88534929 15.88535222 15.98539661 15.98539681 16.78156952 16.78157717 16.85748781 16.85749821 17.25056468 17.25056595
  15 1.64490891 -49.17281580 -49.17280116 -49.16988304 -49.16986831 -18.82093909 -18.82093052 -18.80180588 -18.80179880 -18.73933692 -18.73932435 -18.68576802 -18.68576083 -18.59897931 -18.59897168 -18.59199771 -18.59199322 -5.79992629 -5.79990458 -5.51017468 -5.51015130 -5.08177136 -5.08175001 -4.97399589 -4.97397409 6.77066617 6.77067152 6.79453511 6.79454240 6.92489836 6.92492719 7.56483709 7.56485973 7.81269360 7.81271557 8.20714898 8.20717650 8.64074935 8.64078110 9.05685260 9.05687113 9.45831073 9.45833377 10.02357560 10.02358578 10.51277051 10.51278158 10.55549512 10.55550483 15.89263909 15.89264078 15.98330824 15.98331038 16.70628249 16.70628736 16.95051568 16.95051829 17.21821981 17.21822700
  16 1.74187082 -49.17125696 -49.17125024 -49.17124992 -49.17122727 -18.90072986 -18.90072560 -18.90071969 -18.90071690 -18.64461065 -18.64460685 -18.64460505 -18.64459357 -18.57031088 -18.57030668 -18.57030025 -18.57029541 -5.85139282 -5.85137452 -5.85135386 -5.85133102 -4.81812808 -4.81811281 -4.81809041 -4.81807072 6.71177919 6.71178486 6.71179763 6.71180214 7.12781881 7.12782099 7.12784293 7.12784483 8.53904915 8.53905091 8.53905624 8.53905829 9.11732036 9.11732398 9.11733569 9.11733994 9.60006280 9.60007074 9.60008285 9.60009293 10.08273076 10.08273658 10.08275008 10.08275441 15.43603909 15.43604443 15.43605071 15.43605358 16.48487414 16.48488041 16.48488618 16.48489127 17.72400628 17.72401394
  17 1.88111091 -49.17521128 -49.17519630 -49.16759319 -49.16757816 -18.80534984 -18.80533477 -18.79441995 -18.79440764 -18.74932261 -18.74931009 -18.68731031 -18.68729354 -18.61048845 -18.61047414 -18.58988387 -18.58987647 -6.03031833 -6.03030740 -5.27580238 -5.27579172 -5.15272213 -5.15270860 -4.86518695 -4.86517369 6.39021030 6.39022036 6.70905429 6.70905827 6.87868477 6.87868764 7.23565943 7.23567094 7.69166210 7.69166720 8.28426081 8.28426665 8.30075527 8.30077219 9.34998675 9.34999075 9.65589149 9.65589600 10.64626969 10.64627788 10.74022403 10.74023343 10.93104570 10.93105540 16.24640721 16.24640877 16.43388961 16.43389818 16.50542412 16.50542491 16.71448228 16.71448601 16.98370685 16.98371860
  18 1.97807282 -49.17134318 -49.17133646 -49.17133615 -49.17131350 -18.81567663 -18.81567553 -18.81566627 -18.81565791 -18.71041075 -18.71040855 -18.71040713 -18.71039086 -18.59351835 -18.59351537 -18.59350368 -18.59350070 -5.65513797 -5.65512709 -5.65512076 -5.65510653 -5.03129714 -5.03128794 -5.03127801 -5.03126567 6.78680824 6.78680884 6.78681102 6.78681442 7.24181119 7.24182645 7.24183980 7.24185807 8.12946745 8.12947322 8.12949222 8.12950150 8.76267375 8.76267432 8.76268925 8.76269083 9.73362944 9.73363592 9.73363936 9.73364675 10.46583141 10.46583383 10.46583618 10.46583633 15.89675919 15.89676355 15.89676950 15.89677247 16.82633381 16.82633440 16.82633798 16.82635020 17.32484530 17.32485069
  19 2.11518664 -49.17134359 -49.17133687 -49.17133655 -49.17131390 -18.81557959 -18.81557674 -18.81557655 -18.81556050 -18.71048114 -18.71047997 -18.71047726 -18.71045864 -18.59353927 -18.59353797 -18.59353418 -18.59352708 -5.65520794 -5.65519340 -5.65518506 -5.65516685 -5.03121482 -5.03120164 -5.03119146 -5.03117711 6.78695170 6.78695396 6.78696056 6.78696592 7.24245520 7.24246499 7.24247829 7.24249488 8.12956671 8.12957235 8.12959106 8.12959749 8.76128727 8.76129256 8.76131589 8.76132189 9.73401937 9.73402276 9.73404414 9.73404529 10.46481495 10.46481554 10.46483021 10.46483112 15.89788286 15.89788568 15.89788794 15.89789430 16.82609339 16.82610211 16.82610701 16.82611279 17.32546399 17.32547334
  20 2.21214854 -49.17124289 -49.17123617 -49.17123585 -49.17121320 -18.91047356 -18.91046941 -18.91046353 -18.91046050 -18.63996677 -18.63996327 -18.63996028 -18.63994975 -18.56451817 -18.56451405 -18.56450741 -18.56450265 -5.87762562 -5.87760678 -5.87758662 -5.87756309 -4.78894756 -4.78893209 -4.78890994 -4.78889001 6.68182052 6.68182849 6.68183758 6.68184465 7.14261537 7.14261622 7.14263745 7.14264036 8.59571419 8.59571940 8.59572887 8.59573361 9.29092983 9.29093854 9.29095175 9.29096182 9.42905883 9.42906212 9.42908328 9.42908565 10.05341880 10.05342537 10.05343494 10.05343930 15.33753016 15.33753556 15.33754205 15.33754528 16.48127568 16.48128230 16.48128823 16.48129365 17.75148760 17.75149498
  21 2.35138864 -49.17808845 -49.17230257 -49.16759386 -49.16757818 -18.84401022 -18.84046962 -18.81343460 -18.77897453 -18.74914364 -18.69137047 -18.68788891 -18.67471584 -18.62111633 -18.60267628 -18.59017864 -18.57544657 -6.36092365 -5.71137905 -5.36557053 -5.26655123 -5.21012977 -5.06377212 -4.99966998 -4.63543700 6.04325389 6.20992524 6.60303750 6.61789767 6.86511511 7.18214249 7.18244601 7.21270238 7.44982267 7.65547725 8.20717106 8.30921272 8.72559952 9.03796853 9.10732833 9.37368160 9.61663140 9.83882635 10.41553611 10.56764000 10.79278864 10.86271343 10.96367042 11.02416630 16.16224505 16.21896345 16.24480800 16.35404061 16.50664930 16.60264871 16.65095986 16.77923159 16.85145749 17.02494370
  22 2.44835055 -49.17281193 -49.17280404 -49.16987773 -49.16986969 -18.81858123 -18.81857760 -18.80547205 -18.80546585 -18.74028257 -18.74027578 -18.67809617 -18.67808941 -18.61596137 -18.61595804 -18.58043463 -18.58043153 -5.80318516 -5.80317528 -5.50144615 -5.50143093 -5.09582651 -5.09582223 -4.96547722 -4.96547526 6.66882504 6.66882863 6.90528443 6.90528553 7.09481287 7.09482679 7.26627624 7.26628618 7.89876529 7.89876710 8.20142493 8.20142853 8.65244880 8.65245033 9.09912320 9.09912546 9.47116054 9.47116720 10.05385552 10.05385767 10.42423810 10.42424068 10.58616729 10.58616955 15.88534929 15.88535222 15.98539661 15.98539681 16.78156952 16.78157717 16.85748781 16.85749821 17.25056468 17.25056595
  23 2.58546436 -49.17281580 -49.17280116 -49.16988304 -49.16986831 -18.82093909 -18.82093052 -18.80180588 -18.80179880 -18.73933692 -18.73932435 -18.68576802 -18.68576083 -18.59897931 -18.59897168 -18.59199771 -18.59199322 -5.79992629 -5.79990458 -5.51017468 -5.51015130 -5.08177136 -5.08175001 -4.97399589 -4.97397409 6.77066617 6.77067152 6.79453511 6.79454240 6.92489836 6.92492719 7.56483709 7.56485973 7.81269360 7.81271557 8.20714898 8.20717650 8.64074935 8.64078110 9.05685260 9.05687113 9.45831073 9.45833377 10.02357560 10.02358578 10.51277051 10.51278158 10.55549512 10.55550483 15.89263909 15.89264078 15.98330824 15.98331038 16.70628249 16.70628736 16.95051568 16.95051829 17.21821981 17.21822700
  24 2.68242627 -49.17125696 -49.17125024 -49.17124992 -49.17122727 -18.90072986 -18.90072560 -18.90071969 -18.90071690 -18.64461065 -18.64460685 -18.64460505 -18.64459357 -18.57031088 -18.57030668 -18.57030025 -18.57029541 -5.85139282 -5.85137452 -5.85135386 -5.85133102 -4.81812808 -4.81811281 -4.81809041 -4.81807072 6.71177919 6.71178486 6.71179763 6.71180214 7.12781881 7.12782099 7.12784293 7.12784483 8.53904915 8.53905091 8.53905624 8.53905829 9.11732036 9.11732398 9.11733569 9.11733994 9.60006280 9.60007074 9.60008285 9.60009293 10.08273076 10.08273658 10.08275008 10.08275441 15.43603909 15.43604443 15.43605071 15.43605358 16.48487414 16.48488041 16.48488618 16.48489127 17.72400628 17.72401394
  25 2.82166637 -49.18051740 -49.16984060 -49.16760866 -49.16759238 -18.88086985 -18.87979441 -18.86751164 -18.77078616 -18.71196639 -18.68441048 -18.67282978 -18.65022427 -18.61215611 -18.59699069 -18.56990595 -18.56204498 -6.63552387 -5.54055843 -5.45392677 -5.38994773 -5.13932559 -4.98158364 -4.97242304 -4.41449277 5.75781546 5.83780743 6.10863699 6.48640172 6.49230389 6.85966344 7.52026412 7.55644083 7.75021525 7.99368299 8.15053432 8.39798654 8.74881812 9.02803309 9.62681262 9.67235273 9.81253844 10.01753391 10.11065354 10.55337197 10.87944976 10.92067585 11.02253007 11.18634953 16.01299105 16.06967144 16.10731330 16.19263666 16.25795372 16.42454716 16.73246397 16.76721619 16.91144405 16.97772151
  26 2.91862828 -49.17406967 -49.17406175 -49.16866210 -49.16865409 -18.81249635 -18.81249132 -18.79694052 -18.79693148 -18.75808657 -18.75808136 -18.65283389 -18.65283210 -18.63994730 -18.63994401 -18.57766731 -18.57766332 -5.92447858 -5.92447151 -5.36927773 -5.36925964 -5.14466772 -5.14465822 -4.91064873 -4.91064661 6.54657366 6.54657756 6.89404884 6.89405757 7.03181473 7.03181942 7.14303523 7.14303834 7.75418156 7.75419107 8.14711925 8.14712772 8.74381697 8.74381923 9.02246674 9.02247041 9.69737424 9.69738244 10.26966183 10.26966392 10.53636489 10.53636538 10.73556354 10.73556376 16.00330487 16.00331002 16.10028833 16.10029045 16.69714935 16.69715438 16.86416817 16.86417772 17.12716934 17.12717442
  27 3.05574209 -49.17407505 -49.17406039 -49.16866811 -49.16865341 -18.81769710 -18.81768639 -18.78594904 -18.78594555 -18.76131620 -18.76130485 -18.67621747 -18.67621645 -18.59971861 -18.59970521 -18.59706017 -18.59705256 -5.92191887 -5.92189745 -5.38754436 -5.38751955 -5.12007928 -5.12005688 -4.91940028 -4.91937581 6.65065099 6.65068194 6.73959341 6.73960002 6.81640198 6.81641186 7.51011256 7.51013279 7.78233671 7.78235808 8.15156247 8.15158778 8.49239958 8.49242126 9.33646113 9.33647507 9.40877488 9.40878525 10.27096742 10.27097820 10.58949310 10.58950770 10.77764507 10.77766437 16.01940455 16.01940597 16.07231287 16.07231453 16.64119918 16.64120166 17.02672842 17.02672930 17.06015148 17.06015937
  28 3.15270400 -49.17129439 -49.17128767 -49.17128735 -49.17126470 -18.87367153 -18.87366696 -18.87366086 -18.87365866 -18.66130668 -18.66130311 -18.66130168 -18.66128863 -18.58232706 -18.58232280 -18.58231709 -18.58231137 -5.78125749 -5.78124111 -5.78121860 -5.78119820 -4.89530521 -4.89529079 -4.89526740 -4.89524874 6.76735704 6.76736050 6.76737851 6.76738286 7.12917111 7.12917701 7.12919926 7.12920637 8.35427086 8.35427500 8.35428558 8.35428979 9.00953986 9.00955043 9.00955865 9.00957200 9.64058757 9.64059842 9.64060331 9.64061611 10.24830978 10.24831184 10.24833886 10.24834140 15.65844944 15.65845399 15.65845944 15.65846109 16.52864604 16.52865179 16.52865674 16.52866144 17.63341636 17.63342452
  29 3.29194410 -49.18213443 -49.16819722 -49.16762912 -49.16761212 -18.90637906 -18.90610675 -18.90307039 -18.77113622 -18.68805580 -18.68120801 -18.67741641 -18.62824007 -18.61777227 -18.56260613 -18.55486595 -18.55255876 -6.81526001 -5.52965365 -5.51543682 -5.49831065 -4.97640400 -4.92503104 -4.92363213 -4.25626444 5.57927069 5.59995228 5.67217010 6.36154135 6.36673070 6.46074643 7.87261025 7.94947957 8.12735287 8.18385745 8.30165752 8.43346111 8.55884118 8.69032342 9.64907933 9.67903168 9.78761500 10.41284017 10.53777742 10.63738560 10.98277002 11.01053273 11.07291398 11.28863896 15.87890648 15.93789652 15.99321251 16.02891514 16.03464789 16.03570801 16.81400002 16.82988892 16.86755581 16.99592367
  30 3.38890600 -49.17491313 -49.17490519 -49.16786400 -49.16785600 -18.80158789 -18.80157977 -18.80090079 -18.80089208 -18.75481678 -18.75480996 -18.67410641 -18.67409936 -18.62233298 -18.62232683 -18.58336391 -18.58335873 -6.00353940 -6.00353517 -5.29288519 -5.29287001 -5.15924947 -5.15923905 -4.87584109 -4.87583969 6.43603534 6.43603877 6.75463403 6.75463787 6.95404552 6.95404771 7.17047166 7.17047375 7.70247548 7.70248719 8.22269526 8.22270508 8.45049309 8.45049458 9.23493080 9.23493227 9.72489762 9.72489989 10.51104041 10.51104280 10.69412788 10.69412943 10.87141667 10.87141837 16.16458144 16.16458637 16.27898572 16.27899060 16.58774415 16.58774865 16.80036660 16.80037313 17.01099302 17.01099910
  31 3.52601982 -49.17492023 -49.17490556 -49.16786645 -49.16785175 -18.80987989 -18.80986641 -18.78953611 -18.78952599 -18.75647288 -18.75646020 -18.68202815 -18.68202310 -18.60564345 -18.60563225 -18.59354113 -18.59352476 -6.00291754 -6.00289626 -5.30582687 -5.30580070 -5.14358851 -5.14356527 -4.87911347 -4.87908607 6.45971739 6.45974702 6.71349128 6.71349971 6.85515546 6.85516756 7.31145924 7.31147816 7.74668478 7.74670079 8.23931982 8.23933643 8.34246619 8.34247807 9.33566983 9.33567524 9.60384380 9.60384852 10.55709421 10.55711832 10.63445882 10.63447450 10.93000801 10.93002999 16.16305483 16.16305964 16.26793939 16.26794153 16.54293057 16.54293554 16.94348304 16.94348544 16.98338162 16.98338734
  32 3.62298173 -49.17133040 -49.17132368 -49.17132336 -49.17130071 -18.83733140 -18.83732673 -18.83731951 -18.83731736 -18.69064298 -18.69063863 -18.69063718 -18.69062039 -18.59096606 -18.59096153 -18.59095609 -18.59094973 -5.69661610 -5.69660393 -5.69657717 -5.69656221 -4.98698000 -4.98696788 -4.98694198 -4.98692613 6.78790637 6.78791068 6.78792785 6.78793323 7.19659345 7.19660302 7.19661977 7.19663144 8.18448206 8.18449182 8.18450065 8.18451290 8.85757655 8.85758260 8.85759208 8.85760125 9.69124929 9.69125528 9.69126172 9.69126791 10.40887318 10.40887389 10.40890624 10.40890788 15.84087147 15.84087411 15.84087736 15.84087795 16.68095035 16.68095708 16.68095900 16.68096727 17.46404159 17.46404899
