   1 0.00000000 -49.75679782 -49.74270647 -49.74067958 -49.73771600 -19.58313388 -19.52678089 -19.51873704 -19.35398505 -19.33003390 -19.31881317 -19.30181456 -19.27391243 -19.23730950 -19.20556843 -19.17545308 -19.16604664 -7.54082740 -6.40029547 -6.16432836 -6.10907079 -5.99820192 -5.75708772 -5.67424113 -5.61615780 4.94893811 5.07134297 5.65950746 5.73637132 5.77519836 6.00645633 6.80766170 7.04206651 7.35040653 7.55891717 7.61382433 7.71418587 8.07452052 8.10982746 8.18911236 8.41607938 8.43020494 8.88061932 9.20013714 9.46788006 9.51209340 9.81808484 9.86581997 9.94849971 15.32770108 15.32802624 15.59444458 15.60914713 15.72508485 15.81842640 15.99150715 16.19903087 16.22117395 16.69024502
   2 0.09031671 -49.75103222 -49.75093943 -49.73798019 -49.73788743 -19.48929811 -19.48925118 -19.42345419 -19.42337838 -19.40245160 -19.40239465 -19.27665876 -19.27658474 -19.20717959 -19.20711902 -19.20370488 -19.20362226 -6.88272052 -6.88264168 -6.05312837 -6.05305781 -5.88572323 -5.88567216 -5.86243593 -5.86239107 5.82335269 5.82341734 5.85450557 5.85455475 6.20913956 6.20918245 6.60012811 6.60032779 7.01590257 7.01593002 7.49916060 7.49918446 8.02751105 8.02757730 8.24200614 8.24215781 8.57542821 8.57560091 9.07910285 9.07919620 9.18445397 9.18447075 9.78350020 9.78350391 15.38555168 15.38558584 15.74437509 15.74440226 16.04727589 16.04752308 16.34861664 16.34868505 16.80732279 16.80742053
   3 0.22476812 -49.75085974 -49.74872064 -49.73947353 -49.73893401 -19.47604381 -19.44064845 -19.43925653 -19.41613722 -19.36039539 -19.34804987 -19.29934139 -19.29622824 -19.24480260 -19.23839134 -19.23318689 -19.22749676 -6.81556988 -6.60701580 -6.11872202 -6.07445879 -6.05088832 -5.93361051 -5.90915298 -5.84302422 5.48402218 5.48407829 5.99031949 6.12007364 6.13989133 6.25071333 6.30637498 6.49111804 6.68004201 6.85641884 7.69398939 7.85710188 7.94375072 8.13399285 8.43689788 8.44528034 8.51747261 8.72448067 9.00377349 9.00565849 9.77368660 9.79068557 9.81018067 9.81034062 15.29739175 15.67776312 15.83986645 15.85614759 16.01814096 16.10710996 16.37088997 16.38845281 16.54628244 16.75149791
   4 0.31508483 -49.74948379 -49.74936965 -49.73951522 -49.73940270 -19.48871145 -19.48869345 -19.42719888 -19.42714028 -19.38574774 -19.38573604 -19.25643846 -19.25638265 -19.24947168 -19.24937642 -19.20037478 -19.20035891 -6.74785276 -6.74782307 -6.31467840 -6.31460450 -5.88504730 -5.88498198 -5.72378516 -5.72374073 5.54219538 5.54229924 5.84853978 5.84861729 6.30585866 6.30594691 7.10234789 7.10242671 7.23880640 7.23895816 7.46164627 7.46180762 7.78964667 7.78975541 7.85189738 7.85193083 8.92950006 8.92951507 9.03026818 9.03030586 9.24321200 9.24323124 9.59879495 9.59883005 15.56007652 15.56027010 15.72238592 15.72245604 16.08614734 16.08619434 16.14559047 16.14561221 16.76758324 16.76772067
   5 0.45804263 -49.75403425 -49.74242385 -49.74098925 -49.74050033 -19.53420886 -19.53238719 -19.48016869 -19.43623183 -19.30974777 -19.29375169 -19.28076255 -19.27666556 -19.24613756 -19.21244167 -19.20808762 -19.19165078 -7.30841864 -6.37074421 -6.31915933 -6.25181192 -5.88962350 -5.78385620 -5.71069059 -5.64106861 5.17486821 5.20732350 5.55807637 5.85877704 5.90477277 6.55403010 6.58590384 6.74785553 6.91128529 7.48745517 7.51917220 7.59224880 7.73020797 8.21685392 8.57619226 8.57899984 8.61101190 8.77530075 9.01975221 9.29305995 9.41376004 9.76906753 9.76929529 9.99462779 15.18700486 15.28031601 15.42024252 15.55349006 15.92477753 16.09692551 16.16626592 16.21492412 16.55313205 16.64499602
   6 0.54835935 -49.74914206 -49.74904857 -49.73989459 -49.73980252 -19.48882464 -19.48879673 -19.42260826 -19.42257544 -19.38353188 -19.38347618 -19.27144027 -19.27140207 -19.23577474 -19.23571174 -19.20412515 -19.20411376 -6.74685772 -6.74678689 -6.08952675 -6.08949941 -5.97283078 -5.97272697 -5.88307502 -5.88302401 5.81974410 5.81979656 5.99745193 5.99747176 6.33297502 6.33304101 6.61926641 6.61942973 7.12098543 7.12111249 7.47580534 7.47596982 7.72013766 7.72016819 8.29671140 8.29685833 8.61652517 8.61660008 8.81270971 8.81273270 9.26069352 9.26075773 9.67717904 9.67722666 15.32697503 15.32709005 15.60489272 15.60508049 16.27111950 16.27118096 16.37722954 16.37736148 16.89426885 16.89450622
   7 0.68281075 -49.74911977 -49.74736410 -49.74084802 -49.74066085 -19.49808741 -19.47406264 -19.45023498 -19.44116861 -19.37103749 -19.36625698 -19.27641870 -19.26662741 -19.24024460 -19.23432987 -19.20347405 -19.19649952 -6.72469684 -6.54688262 -6.24210739 -6.17276094 -6.03408271 -5.91647850 -5.89844210 -5.84227804 5.60011131 5.71140541 6.00811155 6.05307628 6.12949301 6.32381506 6.44280531 6.53582650 6.68951353 6.98816961 7.63697215 7.72572661 8.06589463 8.08800159 8.21428672 8.31528301 8.46095005 8.70685739 9.05068522 9.16354460 9.59434141 9.69399441 9.71540635 9.75646498 15.38227111 15.40388717 15.49513444 15.57674210 15.96866693 16.20777442 16.20894105 16.31591513 16.66906982 16.83912805
   8 0.77312747 -49.74803703 -49.74792330 -49.74098915 -49.74087789 -19.54200575 -19.54197069 -19.46993176 -19.46989021 -19.31934180 -19.31930443 -19.25741644 -19.25737036 -19.21351531 -19.21350535 -19.20343416 -19.20338998 -6.74303192 -6.74298866 -6.35984206 -6.35971477 -5.92902081 -5.92897447 -5.63929671 -5.63922407 5.64189196 5.64193835 6.02367039 6.02373326 6.18510728 6.18520693 6.77267947 6.77273222 7.15823120 7.15832306 7.54468776 7.54474726 8.05211345 8.05215082 8.38259420 8.38264268 8.74947411 8.74950806 8.87895973 8.87901198 9.14084049 9.14088655 9.46615839 9.46620100 15.35782057 15.35788025 15.47973662 15.47981175 16.08732026 16.08750810 16.24989098 16.25005963 16.61917894 16.61927954
   9 0.91608527 -49.74736860 -49.74723525 -49.74176251 -49.74163227 -19.51207376 -19.51203496 -19.41657883 -19.41647978 -19.37172191 -19.37163735 -19.24911024 -19.24907508 -19.22902615 -19.22895217 -19.22809385 -19.22801208 -6.74461874 -6.74451353 -6.37399297 -6.37392894 -5.91801122 -5.91798402 -5.60723942 -5.60717507 5.25211066 5.25218708 6.15202552 6.15206563 6.20502850 6.20512501 6.53207335 6.53221713 6.83852672 6.83862209 7.56286251 7.56296422 8.00741086 8.00746446 8.43114112 8.43121627 8.51020955 8.51026739 9.39358624 9.39373265 9.54975852 9.54977899 9.84134758 9.84139158 15.14203803 15.14225853 15.47304019 15.47333582 15.91577980 15.91592553 16.37530925 16.37553401 16.89901679 16.89925192
  10 1.00640198 -49.74463613 -49.74445960 -49.74443821 -49.74439629 -19.46293753 -19.46292814 -19.46288809 -19.46287345 -19.31350229 -19.31334063 -19.31332073 -19.31329337 -19.22866123 -19.22864243 -19.22859515 -19.22857398 -6.41257011 -6.41250043 -6.41244520 -6.41244277 -5.93752520 -5.93747259 -5.93741802 -5.93739218 6.01843947 6.01847296 6.01853201 6.01857814 6.44612785 6.44617591 6.44620084 6.44621803 7.34031526 7.34045626 7.34049277 7.34061733 7.99609993 7.99619899 7.99625739 7.99633676 8.57359834 8.57360941 8.57376850 8.57379093 9.42027835 9.42035863 9.42038033 9.42043979 15.42476934 15.42488312 15.42496617 15.42511931 16.41004408 16.41020986 16.41036031 16.41050136 17.15999606 17.16005057
  11 1.14085339 -49.74497868 -49.74483702 -49.74414907 -49.74402711 -19.49547217 -19.49544455 -19.48694847 -19.48692817 -19.32797457 -19.32785967 -19.31622189 -19.31613050 -19.19249305 -19.19247405 -19.18946298 -19.18944557 -6.49530338 -6.49520388 -6.38102531 -6.38100455 -5.95032707 -5.95019892 -5.87445448 -5.87441538 5.91318481 5.91322440 6.06080582 6.06084910 6.27238576 6.27248095 6.30774675 6.30787353 7.06808554 7.06812844 7.41007023 7.41012048 8.33821443 8.33828203 8.34453746 8.34462078 8.54669714 8.54682595 8.67922776 8.67934408 9.65376239 9.65393637 9.70539303 9.70542622 15.18859472 15.18873128 15.54363988 15.54376105 15.95483128 15.95503787 16.22767768 16.22782580 16.61811205 16.61825693
  12 1.23117010 -49.74461339 -49.74443367 -49.74441537 -49.74437027 -19.54267939 -19.54267202 -19.54266563 -19.54261760 -19.24957532 -19.24953503 -19.24946991 -19.24945879 -19.20952326 -19.20944505 -19.20942509 -19.20938130 -6.60686317 -6.60683316 -6.60678251 -6.60674761 -5.72920844 -5.72916744 -5.72914133 -5.72907858 5.91782724 5.91787435 5.91791284 5.91794702 6.31684464 6.31691112 6.31692115 6.31698954 7.59476440 7.59483706 7.59492553 7.59499167 8.13353666 8.13366813 8.13368464 8.13380881 8.85511067 8.85516803 8.85519732 8.85528159 9.21753225 9.21755460 9.21758608 9.21762011 15.22826333 15.22835102 15.22866429 15.22871752 16.19172994 16.19194521 16.19211568 16.19231409 16.55029902 16.55035769
  13 1.37412790 -49.75403425 -49.74242385 -49.74098925 -49.74050033 -19.53420886 -19.53238719 -19.48016869 -19.43623183 -19.30974777 -19.29375169 -19.28076255 -19.27666556 -19.24613756 -19.21244167 -19.20808762 -19.19165078 -7.30841864 -6.37074421 -6.31915933 -6.25181192 -5.88962350 -5.78385620 -5.71069059 -5.64106861 5.17486821 5.20732350 5.55807637 5.85877704 5.90477277 6.55403010 6.58590384 6.74785553 6.91128529 7.48745517 7.51917220 7.59224880 7.73020797 8.21685392 8.57619226 8.57899984 8.61101190 8.77530075 9.01975221 9.29305995 9.41376004 9.76906753 9.76929529 9.99462779 15.18700486 15.28031601 15.42024252 15.55349006 15.92477753 16.09692551 16.16626592 16.21492412 16.55313205 16.64499602
  14 1.46444461 -49.74914206 -49.74904857 -49.73989459 -49.73980252 -19.48882464 -19.48879673 -19.42260826 -19.42257544 -19.38353188 -19.38347618 -19.27144027 -19.27140207 -19.23577474 -19.23571174 -19.20412515 -19.20411376 -6.74685772 -6.74678689 -6.08952675 -6.08949941 -5.97283078 -5.97272697 -5.88307502 -5.88302401 5.81974410 5.81979656 5.99745193 5.99747176 6.33297502 6.33304101 6.61926641 6.61942973 7.12098543 7.12111249 7.47580534 7.47596982 7.72013766 7.72016819 8.29671140 8.29685833 8.61652517 8.61660008 8.81270971 8.81273270 9.26069352 9.26075773 9.67717904 9.67722666 15.32697503 15.32709005 15.60489272 15.60508049 16.27111950 16.27118096 16.37722954 16.37736148 16.89426885 16.89450622
  15 1.59889602 -49.74911977 -49.74736410 -49.74084802 -49.74066085 -19.49808741 -19.47406264 -19.45023498 -19.44116861 -19.37103749 -19.36625698 -19.27641870 -19.26662741 -19.24024460 -19.23432987 -19.20347405 -19.19649952 -6.72469684 -6.54688262 -6.24210739 -6.17276094 -6.03408271 -5.91647850 -5.89844210 -5.84227804 5.60011131 5.71140541 6.00811155 6.05307628 6.12949301 6.32381506 6.44280531 6.53582650 6.68951353 6.98816961 7.63697215 7.72572661 8.06589463 8.08800159 8.21428672 8.31528301 8.46095005 8.70685739 9.05068522 9.16354460 9.59434141 9.69399441 9.71540635 9.75646498 15.38227111 15.40388717 15.49513444 15.57674210 15.96866693 16.20777442 16.20894105 16.31591513 16.66906982 16.83912805
  16 1.68921273 -49.74803703 -49.74792330 -49.74098915 -49.74087789 -19.54200575 -19.54197069 -19.46993176 -19.46989021 -19.31934180 -19.31930443 -19.25741644 -19.25737036 -19.21351531 -19.21350535 -19.20343416 -19.20338998 -6.74303192 -6.74298866 -6.35984206 -6.35971477 -5.92902081 -5.92897447 -5.63929671 -5.63922407 5.64189196 5.64193835 6.02367039 6.02373326 6.18510728 6.18520693 6.77267947 6.77273222 7.15823120 7.15832306 7.54468776 7.54474726 8.05211345 8.05215082 8.38259420 8.38264268 8.74947411 8.74950806 8.87895973 8.87901198 9.14084049 9.14088655 9.46615839 9.46620100 15.35782057 15.35788025 15.47973662 15.47981175 16.08732026 16.08750810 16.24989098 16.25005963 16.61917894 16.61927954
