   1 0.00000000 -49.75678068 -49.74269388 -49.74065711 -49.73769545 -19.58311824 -19.52676661 -19.51872404 -19.35397332 -19.33001917 -19.31879876 -19.30179949 -19.27389419 -19.23729589 -19.20555335 -19.17543782 -19.16603027 -7.54083546 -6.40030453 -6.16434545 -6.10908026 -5.99819904 -5.75709393 -5.67424644 -5.61616380 4.94893364 5.07133725 5.65949998 5.73636892 5.77519329 6.00645283 6.80765960 7.04206281 7.35040207 7.55891461 7.61382083 7.71418292 8.07451284 8.10981622 8.18911141 8.41607240 8.43020249 8.88061106 9.20013135 9.46786547 9.51207977 9.81808519 9.86581083 9.94849542 15.32770806 15.32802991 15.59445108 15.60915755 15.72508601 15.81843090 15.99150846 16.19903862 16.22117785 16.69024866
   2 0.09031671 -49.75104343 -49.75089402 -49.73798762 -49.73784144 -19.48930851 -19.48921008 -19.42345626 -19.42334825 -19.40246104 -19.40235875 -19.27666926 -19.27654358 -19.20718514 -19.20707994 -19.20370058 -19.20359862 -6.88270245 -6.88267695 -6.05311144 -6.05309918 -5.88570517 -5.88569567 -5.86242238 -5.86241573 5.82335944 5.82340289 5.85451307 5.85452655 6.20912981 6.20919632 6.60011246 6.60034134 7.01590052 7.01592176 7.49915245 7.49917652 8.02750211 8.02756526 8.24201124 8.24214587 8.57544009 8.57558015 9.07911112 9.07917332 9.18444722 9.18446836 9.78346277 9.78352388 15.38555517 15.38559384 15.74437450 15.74441817 16.04727790 16.04753248 16.34861485 16.34869625 16.80732838 16.80742311
   3 0.22476812 -49.75084492 -49.74870157 -49.73946239 -49.73890626 -19.47602904 -19.44063325 -19.43924092 -19.41612436 -19.36038053 -19.34803814 -19.29932956 -19.29620988 -19.24478592 -19.23837401 -19.23317559 -19.22748001 -6.81558595 -6.60701424 -6.11873584 -6.07447355 -6.05089248 -5.93360922 -5.90916469 -5.84302457 5.48401260 5.48407425 5.99031426 6.12007506 6.13988083 6.25071704 6.30636504 6.49110698 6.68004162 6.85642273 7.69398505 7.85709889 7.94374829 8.13398894 8.43690276 8.44526989 8.51746176 8.72446693 9.00375771 9.00565494 9.77368775 9.79067253 9.81016388 9.81034243 15.29740137 15.67776989 15.83986832 15.85615340 16.01814768 16.10710960 16.37089512 16.38845749 16.54629049 16.75150669
   4 0.31508483 -49.74949979 -49.74931987 -49.73952680 -49.73935212 -19.48869947 -19.48867288 -19.42719007 -19.42712374 -19.38574263 -19.38571533 -19.25645858 -19.25632936 -19.24946893 -19.24934804 -19.20036810 -19.20033632 -6.74786431 -6.74783102 -6.31468345 -6.31461501 -5.88504046 -5.88500185 -5.72377350 -5.72376224 5.54220062 5.54228467 5.84851484 5.84862855 6.30586579 6.30594315 7.10235479 7.10240585 7.23878510 7.23896280 7.46164241 7.46180324 7.78964794 7.78974042 7.85189103 7.85193028 8.92949407 8.92951962 9.03027091 9.03028916 9.24317891 9.24323878 9.59878127 9.59883342 15.56009312 15.56026880 15.72238987 15.72246707 16.08614973 16.08620273 16.14558602 16.14562549 16.76757816 16.76773525
   5 0.45171229 -49.75606361 -49.74262339 -49.74073838 -49.73841714 -19.56998967 -19.53003808 -19.50870520 -19.38782502 -19.31923116 -19.30242715 -19.29712128 -19.26490710 -19.24901606 -19.20702546 -19.17965799 -19.17859149 -7.48066492 -6.38606754 -6.23278720 -6.15869546 -5.91390317 -5.73813314 -5.71379292 -5.64099442 5.01146238 5.19844086 5.41824309 5.76543315 5.80907604 6.35102417 6.74757714 7.02762510 7.03266352 7.53440464 7.57578562 7.62540801 7.93069854 8.12987137 8.42758874 8.49289539 8.66702394 8.83139332 9.05021990 9.41081680 9.43818547 9.80881619 9.83815261 9.96541041 15.29146111 15.36611323 15.43730454 15.61947756 15.82062151 15.92934719 16.08152177 16.14885265 16.27571814 16.66847177
   6 0.54202900 -49.75055435 -49.75040467 -49.73848333 -49.73833748 -19.49011751 -19.49003195 -19.41981449 -19.41972557 -19.39930744 -19.39923869 -19.27705502 -19.27695512 -19.21404302 -19.21397416 -19.20342073 -19.20338275 -6.84751602 -6.84749194 -6.05266109 -6.05264379 -5.91886863 -5.91884110 -5.86749128 -5.86747836 5.80596088 5.80599420 5.90331050 5.90336271 6.25890831 6.25894372 6.60360342 6.60377675 7.03462019 7.03469839 7.54160798 7.54170807 7.84669340 7.84681484 8.31308105 8.31320426 8.58572212 8.58574634 8.90631125 8.90637734 9.32849196 9.32853988 9.72565269 9.72570286 15.35506477 15.35513031 15.69711277 15.69728809 16.12323632 16.12341617 16.35039369 16.35043964 16.86975240 16.86992209
   7 0.67648041 -49.75039399 -49.74834967 -49.73981903 -49.73935329 -19.48407417 -19.45190269 -19.44072371 -19.41939720 -19.36866286 -19.36142657 -19.28511638 -19.28298054 -19.24194799 -19.23822432 -19.22901316 -19.21588887 -6.79216592 -6.59183083 -6.15310156 -6.08834632 -6.06369863 -5.92921528 -5.90086942 -5.84088204 5.51116651 5.54413198 6.01050528 6.07306616 6.18769070 6.20446268 6.38423008 6.49426524 6.70852537 6.88650168 7.70321512 7.80739857 7.97066425 8.09779080 8.32914203 8.45049735 8.54938754 8.59568971 9.06117799 9.12116498 9.73257383 9.76520537 9.76691901 9.77086255 15.32622317 15.61373332 15.66411897 15.71946218 16.06445866 16.13579633 16.33627440 16.35337402 16.70851728 16.73572444
   8 0.76679712 -49.74912710 -49.74894719 -49.73991070 -49.73973651 -19.51308975 -19.51303014 -19.43076313 -19.43059473 -19.36902642 -19.36887941 -19.26374633 -19.26364586 -19.22718301 -19.22711194 -19.20354718 -19.20351343 -6.75121500 -6.75117910 -6.30989925 -6.30980853 -5.93122691 -5.93117818 -5.67886898 -5.67885148 5.56530233 5.56536424 5.91071961 5.91081771 6.24884447 6.24892602 7.04909073 7.04919938 7.22731541 7.22743913 7.34480553 7.34493493 7.90856241 7.90860742 8.06407558 8.06413787 8.86674242 8.86679241 9.03326257 9.03331262 9.18063464 9.18069391 9.55682420 9.55687561 15.49513945 15.49524804 15.64182659 15.64190936 16.06499270 16.06511839 16.21594498 16.21598985 16.72047778 16.72062120
   9 0.90342459 -49.75401745 -49.74241417 -49.74097096 -49.74047233 -19.53419481 -19.53237129 -19.48015538 -19.43621827 -19.30973300 -19.29373667 -19.28075026 -19.27665010 -19.24612133 -19.21242643 -19.20807121 -19.19163566 -7.30842676 -6.37075409 -6.31916959 -6.25182105 -5.88962791 -5.78386038 -5.71069651 -5.64107494 5.17486400 5.20731871 5.55807073 5.85877466 5.90476660 6.55402724 6.58590191 6.74784128 6.91129029 7.48745036 7.51916781 7.59224280 7.73020220 8.21684947 8.57618529 8.57899791 8.61100574 8.77529176 9.01974683 9.29304922 9.41374737 9.76906545 9.76928734 9.99462143 15.18700941 15.28032233 15.42024820 15.55349698 15.92478246 16.09693075 16.16627190 16.21493192 16.55313052 16.64500033
  10 0.99374130 -49.74915405 -49.74900326 -49.73990125 -49.73975641 -19.48882643 -19.48876537 -19.42260764 -19.42254871 -19.38352816 -19.38345105 -19.27143169 -19.27137877 -19.23577376 -19.23568368 -19.20411754 -19.20409079 -6.74684155 -6.74682072 -6.08956145 -6.08949550 -5.97281470 -5.97274193 -5.88306235 -5.88304744 5.81973872 5.81979651 5.99744602 5.99746195 6.33298301 6.33302850 6.61927048 6.61942016 7.12098460 7.12110579 7.47580210 7.47595882 7.72013052 7.72016452 8.29671959 8.29683282 8.61651828 8.61659835 8.81270825 8.81272050 9.26068285 9.26075579 9.67719365 9.67719826 15.32697555 15.32710086 15.60488658 15.60509947 16.27110525 16.27120838 16.37724909 16.37735030 16.89427143 16.89451015
  11 1.12819271 -49.74910592 -49.74734509 -49.74084939 -49.74061956 -19.49807221 -19.47404857 -19.45022226 -19.44115302 -19.37102179 -19.36624441 -19.27640175 -19.26661240 -19.24023058 -19.23431618 -19.20345918 -19.19648263 -6.72471292 -6.54688204 -6.24212193 -6.17276470 -6.03409688 -5.91647711 -5.89845384 -5.84227777 5.60010319 5.71140285 6.00810135 6.05307085 6.12949503 6.32381379 6.44279624 6.53581922 6.68951371 6.98816920 7.63697342 7.72572068 8.06588991 8.08799597 8.21427971 8.31527561 8.46094014 8.70685150 9.05067697 9.16353813 9.59432370 9.69399612 9.71539157 9.75646636 15.38227960 15.40389338 15.49514118 15.57674649 15.96866960 16.20777966 16.20894676 16.31591981 16.66907578 16.83913663
  12 1.21850942 -49.74805395 -49.74787368 -49.74099982 -49.74082715 -19.54200083 -19.54194648 -19.46993872 -19.46985445 -19.31934997 -19.31927149 -19.25741606 -19.25733709 -19.21350687 -19.21348261 -19.20341427 -19.20338004 -6.74304082 -6.74299857 -6.35983715 -6.35973843 -5.92902633 -5.92897833 -5.63927853 -5.63925335 5.64189767 5.64192526 6.02364699 6.02373864 6.18510812 6.18520918 6.77268337 6.77272061 7.15821282 7.15832594 7.54468904 7.54473388 8.05210840 8.05214482 8.38258755 8.38263983 8.74947526 8.74949824 8.87896157 8.87899101 9.14083167 9.14087908 9.46615420 9.46619692 15.35783691 15.35787940 15.47974108 15.47982201 16.08732008 16.08751756 16.24990645 16.25005368 16.61917174 16.61929667
  13 1.35513688 -49.75094159 -49.74360590 -49.74208682 -49.74127264 -19.52995569 -19.47977578 -19.47598042 -19.43811140 -19.34127419 -19.32608485 -19.26633802 -19.25779552 -19.23521000 -19.22879207 -19.22092360 -19.20930461 -7.04873804 -6.47488356 -6.36978069 -6.33151558 -5.97701682 -5.81136281 -5.67294672 -5.59799518 5.15956591 5.31802158 5.94564798 6.01584661 6.17566239 6.33121176 6.37143972 6.51647356 6.85477400 7.36370486 7.50663318 7.67183306 7.84939655 8.01006031 8.34090420 8.40483297 8.60949145 8.73026947 9.30240129 9.32856902 9.44922786 9.68180479 9.73997539 9.95869035 15.07196234 15.34049834 15.35566909 15.49252753 15.87450473 16.07027088 16.30087661 16.33110529 16.75210664 16.87593836
  14 1.44545359 -49.74704577 -49.74689167 -49.74202616 -49.74188423 -19.48015609 -19.48011607 -19.44076615 -19.44072487 -19.35216469 -19.35206988 -19.27582242 -19.27573986 -19.24764681 -19.24759629 -19.21224372 -19.21223995 -6.59459080 -6.59457054 -6.22976602 -6.22971966 -5.96575016 -5.96570147 -5.90759140 -5.90757260 5.90046501 5.90053919 6.06475320 6.06481123 6.37499978 6.37502217 6.56590502 6.56601352 7.24428720 7.24443794 7.39287876 7.39300029 7.75806824 7.75814272 8.22567303 8.22576011 8.56192446 8.56201846 8.73088754 8.73098273 9.21288680 9.21299164 9.60568916 9.60572497 15.35339545 15.35357410 15.51367498 15.51388550 16.36830948 16.36838910 16.41376720 16.41387708 16.99984559 17.00007682
  15 1.57990500 -49.74717477 -49.74584074 -49.74262060 -49.74228479 -19.50401148 -19.48794949 -19.47235559 -19.47142575 -19.35568093 -19.34496048 -19.29827274 -19.28692950 -19.21351080 -19.20737569 -19.18810007 -19.18657355 -6.62142545 -6.47467276 -6.36274587 -6.27589203 -5.99300800 -5.91595477 -5.89703632 -5.85418882 5.75165730 5.94599455 5.98137442 6.08247991 6.09342249 6.32975384 6.38341129 6.52915089 6.76082897 7.17272405 7.37032838 7.63534029 8.18867295 8.24531799 8.24692766 8.27840776 8.45060170 8.71423877 8.84029039 8.91900599 9.60566810 9.67850395 9.68578257 9.73020855 15.22467797 15.27925283 15.44727404 15.71355002 15.76574135 16.14737256 16.16723615 16.27830104 16.60817629 16.72392119
  16 1.67022171 -49.74644040 -49.74625739 -49.74261665 -49.74244773 -19.55310445 -19.55305353 -19.51261175 -19.51255266 -19.27593291 -19.27589143 -19.24074391 -19.24069577 -19.22473050 -19.22462602 -19.19686783 -19.19682000 -6.69764197 -6.69759155 -6.48185992 -6.48178306 -5.83612786 -5.83610940 -5.65602769 -5.65600530 5.77127310 5.77128166 6.01186671 6.01193883 6.23780034 6.23789272 6.49676369 6.49678526 7.26663255 7.26672657 7.80391055 7.80395952 8.00047607 8.00056692 8.38569016 8.38576670 8.70828796 8.70834776 8.88622551 8.88625356 9.12165226 9.12166409 9.35677453 9.35678877 15.25632486 15.25640811 15.30852643 15.30857156 16.17029190 16.17044111 16.19943506 16.19968354 16.52870881 16.52881626
  17 1.80684918 -49.74741152 -49.74715822 -49.74180116 -49.74155497 -19.51207533 -19.51200567 -19.41659832 -19.41642475 -19.37176199 -19.37157570 -19.24910421 -19.24904815 -19.22904598 -19.22890174 -19.22812129 -19.22795572 -6.74462945 -6.74452032 -6.37398207 -6.37395837 -5.91803057 -5.91797538 -5.60722295 -5.60720295 5.25210877 5.25218064 6.15201313 6.15207355 6.20501823 6.20512256 6.53206287 6.53222071 6.83851475 6.83862280 7.56285046 7.56296705 8.00741243 8.00744902 8.43114589 8.43120318 8.51020140 8.51026231 9.39357056 9.39373145 9.54974917 9.54977541 9.84134743 9.84137832 15.14203022 15.14227763 15.47305619 15.47333186 15.91577068 15.91594572 16.37530987 16.37554548 16.89902514 16.89925211
  18 1.89716589 -49.74472919 -49.74444809 -49.74437310 -49.74430708 -19.46295862 -19.46294064 -19.46284586 -19.46282526 -19.31357695 -19.31334858 -19.31325489 -19.31321539 -19.22867670 -19.22865266 -19.22855276 -19.22853147 -6.41256090 -6.41252619 -6.41247081 -6.41244003 -5.93752313 -5.93746064 -5.93743719 -5.93740557 6.01843551 6.01848304 6.01851706 6.01857575 6.44611960 6.44617313 6.44619602 6.44621003 7.34031317 7.34045260 7.34048844 7.34061283 7.99609876 7.99619511 7.99624138 7.99632890 8.57358525 8.57359847 8.57377171 8.57378473 9.42027002 9.42033863 9.42038580 9.42043955 15.42476559 15.42489641 15.42495716 15.42514162 16.41004426 16.41021402 16.41037567 16.41050065 17.16000482 17.16006094
  19 2.03161729 -49.74503383 -49.74476070 -49.74417549 -49.74394909 -19.49545939 -19.49542639 -19.48693425 -19.48691644 -19.32800631 -19.32779282 -19.31626204 -19.31606636 -19.19248377 -19.19244997 -19.18945211 -19.18942845 -6.49530774 -6.49523093 -6.38104992 -6.38098322 -5.95032346 -5.95022837 -5.87444696 -5.87442043 5.91318214 5.91320552 6.06079916 6.06085929 6.27237098 6.27248949 6.30774470 6.30786665 7.06808282 7.06812893 7.41006538 7.41010768 8.33820001 8.33828718 8.34453258 8.34460697 8.54669446 8.54681447 8.67922911 8.67933701 9.65375681 9.65390784 9.70538950 9.70543355 15.18860633 15.18873224 15.54363018 15.54378373 15.95482834 15.95505142 16.22768182 16.22782731 16.61811194 16.61827390
  20 2.12193400 -49.74470644 -49.74442218 -49.74435025 -49.74428106 -19.54267997 -19.54266620 -19.54266038 -19.54257091 -19.24961724 -19.24954242 -19.24942387 -19.24940044 -19.20954420 -19.20941233 -19.20939934 -19.20935368 -6.60686812 -6.60683346 -6.60679408 -6.60676796 -5.72919428 -5.72917356 -5.72913508 -5.72911382 5.91783691 5.91786746 5.91790841 5.91793648 6.31683017 6.31689046 6.31692400 6.31700247 7.59475863 7.59483745 7.59491503 7.59497854 8.13355566 8.13365994 8.13367016 8.13379370 8.85508585 8.85516651 8.85518927 8.85528187 9.21752210 9.21754729 9.21759515 9.21761096 15.22827256 15.22836056 15.22867225 15.22872045 16.19173266 16.19194456 16.19213185 16.19231663 16.55028292 16.55036584
  21 2.25856147 -49.75094159 -49.74360590 -49.74208682 -49.74127264 -19.52995569 -19.47977578 -19.47598042 -19.43811140 -19.34127419 -19.32608485 -19.26633802 -19.25779552 -19.23521000 -19.22879207 -19.22092360 -19.20930461 -7.04873804 -6.47488356 -6.36978069 -6.33151558 -5.97701682 -5.81136281 -5.67294672 -5.59799518 5.15956591 5.31802158 5.94564798 6.01584661 6.17566239 6.33121176 6.37143972 6.51647356 6.85477400 7.36370486 7.50663318 7.67183306 7.84939655 8.01006031 8.34090420 8.40483297 8.60949145 8.73026947 9.30240129 9.32856902 9.44922786 9.68180479 9.73997539 9.95869035 15.07196234 15.34049834 15.35566909 15.49252753 15.87450473 16.07027088 16.30087661 16.33110529 16.75210664 16.87593836
  22 2.34887818 -49.74704577 -49.74689167 -49.74202616 -49.74188423 -19.48015609 -19.48011607 -19.44076615 -19.44072487 -19.35216469 -19.35206988 -19.27582242 -19.27573986 -19.24764681 -19.24759629 -19.21224372 -19.21223995 -6.59459080 -6.59457054 -6.22976602 -6.22971966 -5.96575016 -5.96570147 -5.90759140 -5.90757260 5.90046501 5.90053919 6.06475320 6.06481123 6.37499978 6.37502217 6.56590502 6.56601352 7.24428720 7.24443794 7.39287876 7.39300029 7.75806824 7.75814272 8.22567303 8.22576011 8.56192446 8.56201846 8.73088754 8.73098273 9.21288680 9.21299164 9.60568916 9.60572497 15.35339545 15.35357410 15.51367498 15.51388550 16.36830948 16.36838910 16.41376720 16.41387708 16.99984559 17.00007682
  23 2.48332959 -49.74717477 -49.74584074 -49.74262060 -49.74228479 -19.50401148 -19.48794949 -19.47235559 -19.47142575 -19.35568093 -19.34496048 -19.29827274 -19.28692950 -19.21351080 -19.20737569 -19.18810007 -19.18657355 -6.62142545 -6.47467276 -6.36274587 -6.27589203 -5.99300800 -5.91595477 -5.89703632 -5.85418882 5.75165730 5.94599455 5.98137442 6.08247991 6.09342249 6.32975384 6.38341129 6.52915089 6.76082897 7.17272405 7.37032838 7.63534029 8.18867295 8.24531799 8.24692766 8.27840776 8.45060170 8.71423877 8.84029039 8.91900599 9.60566810 9.67850395 9.68578257 9.73020855 15.22467797 15.27925283 15.44727404 15.71355002 15.76574135 16.14737256 16.16723615 16.27830104 16.60817629 16.72392119
  24 2.57364630 -49.74644040 -49.74625739 -49.74261665 -49.74244773 -19.55310445 -19.55305353 -19.51261175 -19.51255266 -19.27593291 -19.27589143 -19.24074391 -19.24069577 -19.22473050 -19.22462602 -19.19686783 -19.19682000 -6.69764197 -6.69759155 -6.48185992 -6.48178306 -5.83612786 -5.83610940 -5.65602769 -5.65600530 5.77127310 5.77128166 6.01186671 6.01193883 6.23780034 6.23789272 6.49676369 6.49678526 7.26663255 7.26672657 7.80391055 7.80395952 8.00047607 8.00056692 8.38569016 8.38576670 8.70828796 8.70834776 8.88622551 8.88625356 9.12165226 9.12166409 9.35677453 9.35678877 15.25632486 15.25640811 15.30852643 15.30857156 16.17029190 16.17044111 16.19943506 16.19968354 16.52870881 16.52881626
  25 2.71027377 -49.75401745 -49.74241417 -49.74097096 -49.74047233 -19.53419481 -19.53237129 -19.48015538 -19.43621827 -19.30973300 -19.29373667 -19.28075026 -19.27665010 -19.24612133 -19.21242643 -19.20807121 -19.19163566 -7.30842676 -6.37075409 -6.31916959 -6.25182105 -5.88962791 -5.78386038 -5.71069651 -5.64107494 5.17486400 5.20731871 5.55807073 5.85877466 5.90476660 6.55402724 6.58590191 6.74784128 6.91129029 7.48745036 7.51916781 7.59224280 7.73020220 8.21684947 8.57618529 8.57899791 8.61100574 8.77529176 9.01974683 9.29304922 9.41374737 9.76906545 9.76928734 9.99462143 15.18700941 15.28032233 15.42024820 15.55349698 15.92478246 16.09693075 16.16627190 16.21493192 16.55313052 16.64500033
  26 2.80059048 -49.74915405 -49.74900326 -49.73990125 -49.73975641 -19.48882643 -19.48876537 -19.42260764 -19.42254871 -19.38352816 -19.38345105 -19.27143169 -19.27137877 -19.23577376 -19.23568368 -19.20411754 -19.20409079 -6.74684155 -6.74682072 -6.08956145 -6.08949550 -5.97281470 -5.97274193 -5.88306235 -5.88304744 5.81973872 5.81979651 5.99744602 5.99746195 6.33298301 6.33302850 6.61927048 6.61942016 7.12098460 7.12110579 7.47580210 7.47595882 7.72013052 7.72016452 8.29671959 8.29683282 8.61651828 8.61659835 8.81270825 8.81272050 9.26068285 9.26075579 9.67719365 9.67719826 15.32697555 15.32710086 15.60488658 15.60509947 16.27110525 16.27120838 16.37724909 16.37735030 16.89427143 16.89451015
  27 2.93504188 -49.74910592 -49.74734509 -49.74084939 -49.74061956 -19.49807221 -19.47404857 -19.45022226 -19.44115302 -19.37102179 -19.36624441 -19.27640175 -19.26661240 -19.24023058 -19.23431618 -19.20345918 -19.19648263 -6.72471292 -6.54688204 -6.24212193 -6.17276470 -6.03409688 -5.91647711 -5.89845384 -5.84227777 5.60010319 5.71140285 6.00810135 6.05307085 6.12949503 6.32381379 6.44279624 6.53581922 6.68951371 6.98816920 7.63697342 7.72572068 8.06588991 8.08799597 8.21427971 8.31527561 8.46094014 8.70685150 9.05067697 9.16353813 9.59432370 9.69399612 9.71539157 9.75646636 15.38227960 15.40389338 15.49514118 15.57674649 15.96866960 16.20777966 16.20894676 16.31591981 16.66907578 16.83913663
  28 3.02535859 -49.74805395 -49.74787368 -49.74099982 -49.74082715 -19.54200083 -19.54194648 -19.46993872 -19.46985445 -19.31934997 -19.31927149 -19.25741606 -19.25733709 -19.21350687 -19.21348261 -19.20341427 -19.20338004 -6.74304082 -6.74299857 -6.35983715 -6.35973843 -5.92902633 -5.92897833 -5.63927853 -5.63925335 5.64189767 5.64192526 6.02364699 6.02373864 6.18510812 6.18520918 6.77268337 6.77272061 7.15821282 7.15832594 7.54468904 7.54473388 8.05210840 8.05214482 8.38258755 8.38263983 8.74947526 8.74949824 8.87896157 8.87899101 9.14083167 9.14087908 9.46615420 9.46619692 15.35783691 15.35787940 15.47974108 15.47982201 16.08732008 16.08751756 16.24990645 16.25005368 16.61917174 16.61929667
  29 3.16198606 -49.75606361 -49.74262339 -49.74073838 -49.73841714 -19.56998967 -19.53003808 -19.50870520 -19.38782502 -19.31923116 -19.30242715 -19.29712128 -19.26490710 -19.24901606 -19.20702546 -19.17965799 -19.17859149 -7.48066492 -6.38606754 -6.23278720 -6.15869546 -5.91390317 -5.73813314 -5.71379292 -5.64099442 5.01146238 5.19844086 5.41824309 5.76543315 5.80907604 6.35102417 6.74757714 7.02762510 7.03266352 7.53440464 7.57578562 7.62540801 7.93069854 8.12987137 8.42758874 8.49289539 8.66702394 8.83139332 9.05021990 9.41081680 9.43818547 9.80881619 9.83815261 9.96541041 15.29146111 15.36611323 15.43730454 15.61947756 15.82062151 15.92934719 16.08152177 16.14885265 16.27571814 16.66847177
  30 3.25230277 -49.75055435 -49.75040467 -49.73848333 -49.73833748 -19.49011751 -19.49003195 -19.41981449 -19.41972557 -19.39930744 -19.39923869 -19.27705502 -19.27695512 -19.21404302 -19.21397416 -19.20342073 -19.20338275 -6.84751602 -6.84749194 -6.05266109 -6.05264379 -5.91886863 -5.91884110 -5.86749128 -5.86747836 5.80596088 5.80599420 5.90331050 5.90336271 6.25890831 6.25894372 6.60360342 6.60377675 7.03462019 7.03469839 7.54160798 7.54170807 7.84669340 7.84681484 8.31308105 8.31320426 8.58572212 8.58574634 8.90631125 8.90637734 9.32849196 9.32853988 9.72565269 9.72570286 15.35506477 15.35513031 15.69711277 15.69728809 16.12323632 16.12341617 16.35039369 16.35043964 16.86975240 16.86992209
  31 3.38675418 -49.75039399 -49.74834967 -49.73981903 -49.73935329 -19.48407417 -19.45190269 -19.44072371 -19.41939720 -19.36866286 -19.36142657 -19.28511638 -19.28298054 -19.24194799 -19.23822432 -19.22901316 -19.21588887 -6.79216592 -6.59183083 -6.15310156 -6.08834632 -6.06369863 -5.92921528 -5.90086942 -5.84088204 5.51116651 5.54413198 6.01050528 6.07306616 6.18769070 6.20446268 6.38423008 6.49426524 6.70852537 6.88650168 7.70321512 7.80739857 7.97066425 8.09779080 8.32914203 8.45049735 8.54938754 8.59568971 9.06117799 9.12116498 9.73257383 9.76520537 9.76691901 9.77086255 15.32622317 15.61373332 15.66411897 15.71946218 16.06445866 16.13579633 16.33627440 16.35337402 16.70851728 16.73572444
  32 3.47707089 -49.74912710 -49.74894719 -49.73991070 -49.73973651 -19.51308975 -19.51303014 -19.43076313 -19.43059473 -19.36902642 -19.36887941 -19.26374633 -19.26364586 -19.22718301 -19.22711194 -19.20354718 -19.20351343 -6.75121500 -6.75117910 -6.30989925 -6.30980853 -5.93122691 -5.93117818 -5.67886898 -5.67885148 5.56530233 5.56536424 5.91071961 5.91081771 6.24884447 6.24892602 7.04909073 7.04919938 7.22731541 7.22743913 7.34480553 7.34493493 7.90856241 7.90860742 8.06407558 8.06413787 8.86674242 8.86679241 9.03326257 9.03331262 9.18063464 9.18069391 9.55682420 9.55687561 15.49513945 15.49524804 15.64182659 15.64190936 16.06499270 16.06511839 16.21594498 16.21598985 16.72047778 16.72062120
