   1 0.00000000 -48.84896395 -48.83082520 -48.83077362 -48.82873736 -18.65970882 -18.63583513 -18.62927697 -18.41712343 -18.38406762 -18.36082023 -18.34839471 -18.34579136 -18.33805674 -18.24534852 -18.24148650 -18.23765993 -6.91039412 -5.53618770 -5.39422030 -5.30480968 -4.91932252 -4.87732557 -4.74769469 -4.66324053 5.65404946 5.71055617 5.90187134 6.48778273 6.66162523 6.69788649 7.90409502 7.93933455 8.04232095 8.08899585 8.51764412 8.82658566 8.88635026 9.29419101 9.34201926 9.51901717 9.74647246 9.88192493 9.99693523 10.08447526 10.42157136 10.91795821 11.03612536 11.18117022 16.14670814 16.39325434 16.59872012 16.91650960 16.95653617 17.05272179 17.17308104 17.19504613 17.45827802 18.00789918
   2 0.09469042 -48.84123996 -48.84115989 -48.82863397 -48.82855344 -18.54322967 -18.54316871 -18.52636352 -18.52632274 -18.44498021 -18.44493140 -18.34964940 -18.34958838 -18.28692191 -18.28689595 -18.28339435 -18.28335578 -6.12725076 -6.12723222 -5.23773321 -5.23772653 -5.00622102 -5.00616209 -4.85965915 -4.85959097 6.27284296 6.27285500 6.61831429 6.61833714 7.14277450 7.14285878 7.25453911 7.25458427 7.71072772 7.71076351 8.51613461 8.51619182 8.94818396 8.94820647 9.25146670 9.25152252 9.53201098 9.53206447 10.26826801 10.26831561 10.46758626 10.46761682 10.77741067 10.77744051 16.41347190 16.41354777 16.85978568 16.85982828 16.89612759 16.89615786 17.31615636 17.31618972 18.10214577 18.10218909
   3 0.23164727 -48.84328107 -48.83658365 -48.83015117 -48.82930633 -18.56960298 -18.54291902 -18.47736610 -18.47656104 -18.44881463 -18.42323308 -18.38008164 -18.35823418 -18.32178465 -18.31340952 -18.29093161 -18.27493485 -6.30989963 -5.55362605 -5.46407162 -5.31371820 -5.18623713 -4.94905206 -4.86172934 -4.79014651 5.97514723 6.00549522 6.71718374 6.75910928 6.78264672 6.97516132 7.15560613 7.29192715 7.85136100 8.05731476 8.51375227 8.54833441 8.72186668 8.88339973 9.47236764 9.50581322 9.80771641 9.85197698 10.08502067 10.28351843 10.36758482 10.68566605 11.00251627 11.02728030 15.82929762 16.16908578 16.25581865 16.74796628 16.83480127 17.37847923 17.59546389 17.78112123 18.06471929 18.17044507
   4 0.32633769 -48.83911509 -48.83906014 -48.83064233 -48.83058728 -18.57045743 -18.57044256 -18.48964670 -18.48962724 -18.46290420 -18.46286075 -18.34291598 -18.34287310 -18.31120336 -18.31118608 -18.26198803 -18.26197303 -5.97916138 -5.97915156 -5.33911198 -5.33907388 -5.09646077 -5.09640188 -4.82781986 -4.82775094 6.35974992 6.35975522 6.68622612 6.68623302 7.02881927 7.02888081 7.90459375 7.90465231 8.06494914 8.06499717 8.46845630 8.46850394 8.52567848 8.52571658 8.85976218 8.85980325 9.60948670 9.60952717 10.03237194 10.03243153 10.43606743 10.43608015 10.66196047 10.66199961 15.98540621 15.98545120 16.36792951 16.36795549 16.88986739 16.88991087 17.49966972 17.49967500 18.04341385 18.04343932
   5 0.46548262 -48.84820552 -48.83081356 -48.83076258 -48.82950878 -18.64647299 -18.62563404 -18.62390232 -18.42991350 -18.38041941 -18.36645802 -18.35599204 -18.34777268 -18.32549187 -18.25126493 -18.24936678 -18.24525972 -6.84791767 -5.52772536 -5.40979169 -5.31454741 -4.96329528 -4.86751700 -4.76473639 -4.66860515 5.72753648 5.84014858 5.84367364 6.51549097 6.72549507 6.84722211 7.81394096 7.84554883 7.94496273 8.12640767 8.40660144 8.74494554 8.92205824 9.20626510 9.35435622 9.60777246 9.77781474 9.99621674 10.02746223 10.03038146 10.24021263 10.88228914 11.01298013 11.14006186 16.10630811 16.38205973 16.54842454 16.90203466 16.94372103 17.15100562 17.17337402 17.34534929 17.37792230 18.10001462
   6 0.56017305 -48.84075351 -48.84067343 -48.82910536 -48.82902481 -18.54521205 -18.54516001 -18.52187272 -18.52183801 -18.44707277 -18.44703511 -18.34627605 -18.34622336 -18.29958706 -18.29957124 -18.27534963 -18.27532764 -6.09507185 -6.09505383 -5.27403801 -5.27401125 -4.99876673 -4.99870536 -4.86772072 -4.86765253 6.34621757 6.34627077 6.64685239 6.64686844 7.16905118 7.16913726 7.26972366 7.26975107 7.70983098 7.70989202 8.49143060 8.49151680 8.92205044 8.92211540 9.19182567 9.19190696 9.57237123 9.57240556 10.19022308 10.19033418 10.45699694 10.45708917 10.72089522 10.72096221 16.38699312 16.38707191 16.80657428 16.80666703 16.96660769 16.96675687 17.29098812 17.29114002 18.14721772 18.14725673
   7 0.69712989 -48.84274472 -48.83632917 -48.83038441 -48.82983450 -18.57498479 -18.53685789 -18.49036256 -18.48927316 -18.44264995 -18.43970047 -18.36863615 -18.34976554 -18.31422380 -18.30613099 -18.28483404 -18.28080333 -6.27620797 -5.54303716 -5.44334489 -5.36121845 -5.20260261 -4.96930369 -4.85828605 -4.78750781 6.01369442 6.07436108 6.74135309 6.76464562 6.78816959 7.02901754 7.23292519 7.25565043 7.89978050 8.04677164 8.54139607 8.55276267 8.65496396 8.91638460 9.44420510 9.48546739 9.79994511 9.83436896 10.01797137 10.20133222 10.36470435 10.57325272 10.99090839 10.99332217 15.91136629 16.14230560 16.14711800 16.70398044 16.70562522 17.44839180 17.58712290 17.75535104 17.94806636 18.29200728
   8 0.79182031 -48.83877993 -48.83872504 -48.83096107 -48.83090600 -18.59057208 -18.59055267 -18.52322842 -18.52320204 -18.42334685 -18.42333587 -18.33174606 -18.33170413 -18.30577909 -18.30574823 -18.26332298 -18.26330477 -5.97418674 -5.97417661 -5.42132059 -5.42126201 -5.03381407 -5.03376055 -4.81369552 -4.81362053 6.43688001 6.43690172 6.70142525 6.70143402 7.04764993 7.04771350 7.78858465 7.78870373 8.10238970 8.10245567 8.28859035 8.28880435 8.73985748 8.73988015 8.96680148 8.96698022 9.61909411 9.61916316 9.96302811 9.96308538 10.33112442 10.33117753 10.62950303 10.62954290 15.93012066 15.93017171 16.42260676 16.42262695 16.79282706 16.79294448 17.49893907 17.49906593 18.02173115 18.02179202
   9 0.93096525 -48.84603747 -48.83171551 -48.83078193 -48.83072830 -18.60880928 -18.60788453 -18.59677946 -18.46398362 -18.38484057 -18.37084067 -18.36318644 -18.35324481 -18.31122164 -18.28169905 -18.26054916 -18.25546966 -6.66870889 -5.50673896 -5.50380052 -5.34184769 -5.03086011 -4.83967583 -4.81268185 -4.68562523 5.79659456 5.93407351 6.22388674 6.57321510 6.81336656 7.21603855 7.46998168 7.59897684 7.81808178 8.17171950 8.23799727 8.75669948 8.86990302 9.07462964 9.37965918 9.53691943 9.64355463 9.75200002 10.09875700 10.10010595 10.31886821 10.83769486 10.95907542 11.04991909 15.99159082 16.32631584 16.38758682 16.77546137 17.05672237 17.17889060 17.20847228 17.31209015 17.99282722 18.30441595
  10 1.02565567 -48.83937218 -48.83929210 -48.83045448 -48.83037387 -18.54734615 -18.54731255 -18.51509472 -18.51507486 -18.44824731 -18.44823815 -18.34321377 -18.34320060 -18.31265150 -18.31262532 -18.27082955 -18.27081596 -6.00281993 -6.00280323 -5.37492904 -5.37489681 -4.98118968 -4.98112740 -4.88719630 -4.88712912 6.51429311 6.51436299 6.75565572 6.75567937 7.15687196 7.15691282 7.38361892 7.38369459 7.73197827 7.73209987 8.41339629 8.41349298 8.72505152 8.72519158 9.22171451 9.22177127 9.61222922 9.61228075 9.99085807 9.99096732 10.33144701 10.33149607 10.67769506 10.67775453 16.32931049 16.32937614 16.69722055 16.69727097 17.09177387 17.09204824 17.31863562 17.31897416 18.18863864 18.18869350
  11 1.16261251 -48.84121750 -48.83560936 -48.83134284 -48.83105457 -18.58392927 -18.52397063 -18.51875474 -18.51351437 -18.46363888 -18.42475630 -18.35839349 -18.34439394 -18.29761325 -18.29548233 -18.28012339 -18.27445343 -6.17923811 -5.51025528 -5.48693407 -5.38613307 -5.24830741 -5.02580923 -4.84807498 -4.78693732 6.06866163 6.34161641 6.67129076 6.80831662 6.97934650 7.09985085 7.10820561 7.46490921 7.95782178 8.02428032 8.48036271 8.57182889 8.64752971 9.01324878 9.36092764 9.44965293 9.65105845 9.78673303 9.96124533 9.98449896 10.32987266 10.33828373 10.91506883 10.94789582 15.93074300 16.03519847 16.10419153 16.55140710 16.57788696 17.52971830 17.58197537 17.69894778 17.74060776 18.07279585
  12 1.25730294 -48.83783239 -48.83777766 -48.83186340 -48.83180815 -18.62178190 -18.62175925 -18.57013427 -18.57010689 -18.36894435 -18.36893520 -18.31616772 -18.31612419 -18.29282711 -18.29278353 -18.26545698 -18.26542765 -5.95432827 -5.95431668 -5.56766092 -5.56760046 -4.93614389 -4.93610153 -4.78625701 -4.78617845 6.61012770 6.61016994 6.78996782 6.78997935 7.09827826 7.09835993 7.53014871 7.53025365 8.12512061 8.12518676 8.28526224 8.28530762 8.90502706 8.90505386 9.10949254 9.10967037 9.65303515 9.65312891 9.82607253 9.82610768 10.06933297 10.06940854 10.56877927 10.56882738 15.82804644 15.82810487 16.42738760 16.42744093 16.70362092 16.70379249 17.44420295 17.44439279 17.97633359 17.97640787
  13 1.39644787 -48.84277506 -48.83501545 -48.83075536 -48.83070248 -18.58173532 -18.55519524 -18.55466816 -18.50594531 -18.42495431 -18.39096516 -18.35929348 -18.35470302 -18.30197198 -18.29379480 -18.27618333 -18.26959864 -6.39682452 -5.74797160 -5.46816042 -5.38126858 -5.02348382 -4.88276571 -4.79917005 -4.71517544 5.88073438 6.17304566 6.59706467 6.76367415 7.00832144 7.26504748 7.27093149 7.34292377 7.59969451 8.17496540 8.36156934 8.41860454 8.92104788 9.01325549 9.20777595 9.31585169 9.38905362 9.61192250 10.16448332 10.17082383 10.58480240 10.82287557 10.91254147 10.96107155 15.88026937 16.04411462 16.43112333 16.63504643 17.19705867 17.22635982 17.23225364 17.37874395 18.49652725 18.57664828
  14 1.49113830 -48.83731368 -48.83723374 -48.83248469 -48.83240391 -18.54415843 -18.54414343 -18.52040422 -18.52038233 -18.43259753 -18.43255181 -18.36655201 -18.36649839 -18.30196586 -18.30192373 -18.27378670 -18.27377778 -5.86286438 -5.86284844 -5.52297633 -5.52295026 -4.95929368 -4.95923199 -4.91099382 -4.91092903 6.67383767 6.67387530 6.86680220 6.86683287 7.22264593 7.22266004 7.49171090 7.49175582 7.78544489 7.78561970 8.31105921 8.31124165 8.53450822 8.53471569 9.16359970 9.16372969 9.64152229 9.64165364 9.72612439 9.72634955 10.33095428 10.33102268 10.59813149 10.59817287 16.31011386 16.31018048 16.53363245 16.53370123 17.25225935 17.25256292 17.39416660 17.39451856 18.22734796 18.22740251
  15 1.62809514 -48.83893831 -48.83454344 -48.83359526 -48.83207468 -18.58550696 -18.55040424 -18.52970379 -18.52463705 -18.45790004 -18.39795444 -18.38875364 -18.34004339 -18.29719017 -18.27369561 -18.27123601 -18.26276692 -6.03087487 -5.65957244 -5.45638772 -5.31410275 -5.30294133 -5.10895474 -4.83199528 -4.79594778 6.20172832 6.56336874 6.63502143 6.94970213 6.99945461 7.17052802 7.18367396 7.66071264 7.74599705 8.19356262 8.23185415 8.62037558 8.75032290 9.16707371 9.23294913 9.44120503 9.45580464 9.71216482 9.77027600 9.84493520 10.19504918 10.27384851 10.84349960 10.87871226 15.79192082 15.93172666 16.09214639 16.33283157 16.81140032 17.45326369 17.58560392 17.61066539 17.67291061 17.88654179
  16 1.72278556 -48.83643682 -48.83638253 -48.83321324 -48.83315745 -18.63917869 -18.63915487 -18.61095448 -18.61092889 -18.32570285 -18.32567689 -18.30212650 -18.30207447 -18.28872913 -18.28869370 -18.26594666 -18.26591452 -5.90849281 -5.90847294 -5.71081079 -5.71076081 -4.85245561 -4.85241395 -4.77427212 -4.77420256 6.75093287 6.75095357 6.96969176 6.96978260 7.14777672 7.14796417 7.32405971 7.32416396 8.11700115 8.11701537 8.42622134 8.42627356 8.86485009 8.86491956 9.13926216 9.13938830 9.56191196 9.56194550 9.68979956 9.68988801 10.09044265 10.09046902 10.45966851 10.45970777 15.79391717 15.79396607 16.15930472 16.15932336 16.89294215 16.89304763 17.30850281 17.30866037 17.98499547 17.98503138
  17 1.86193050 -48.83893308 -48.83887750 -48.83074747 -48.83069453 -18.54684565 -18.54681309 -18.52102475 -18.52098370 -18.44093995 -18.44092152 -18.35208405 -18.35203222 -18.29149377 -18.29147566 -18.28436731 -18.28434737 -6.07133240 -6.07130078 -5.42558931 -5.42553190 -4.96067364 -4.96063742 -4.75492384 -4.75484358 6.07992257 6.07998351 6.86559153 6.86562936 7.09226612 7.09229084 7.38689261 7.38705335 7.61205657 7.61210544 8.64897594 8.64910622 8.65373681 8.65395192 9.34617917 9.34622709 9.35860973 9.35875396 10.19809824 10.19816804 10.75774361 10.75782818 10.90966105 10.90978497 15.88000204 15.88018933 16.51497237 16.51524526 17.22206372 17.22229460 17.35948204 17.35951839 18.59455711 18.59472044
  18 1.95662092 -48.83490222 -48.83490070 -48.83484490 -48.83476601 -18.53388894 -18.53387812 -18.53385702 -18.53385094 -18.40118125 -18.40116992 -18.40115748 -18.40107963 -18.28513306 -18.28509743 -18.28507616 -18.28506387 -5.69464875 -5.69461544 -5.69458855 -5.69454165 -4.93554398 -4.93546915 -4.93544959 -4.93543228 6.80463141 6.80463869 6.80464700 6.80467197 7.41822740 7.41824831 7.41831158 7.41834278 7.98788614 7.98792686 7.98813881 7.98818590 8.80849103 8.80850663 8.80867025 8.80868483 9.66446399 9.66449552 9.66467724 9.66468897 10.45504173 10.45511197 10.45517190 10.45520320 16.38309816 16.38313232 16.38332346 16.38336280 17.38076006 17.38077391 17.38107535 17.38110444 18.31412671 18.31414090
  19 2.09357776 -48.83629057 -48.83623605 -48.83332360 -48.83326841 -18.57430328 -18.57427194 -18.53272052 -18.53267488 -18.42564964 -18.42560928 -18.36691860 -18.36691140 -18.28008992 -18.28007351 -18.26045427 -18.26043159 -5.84979912 -5.84976633 -5.38766142 -5.38755245 -5.20611467 -5.20593986 -4.81293615 -4.81285970 6.38982504 6.38985919 6.80465430 6.80475174 7.22537683 7.22557889 7.39276425 7.39284943 7.92805652 7.92818569 8.40434968 8.40446277 9.02892589 9.02906620 9.34468232 9.34478742 9.50754798 9.50766604 9.74853936 9.74875576 10.20874063 10.20896216 10.82853351 10.82864129 15.79942365 15.79970424 16.16172295 16.16206087 17.17889928 17.17906568 17.57267513 17.57270902 17.74768131 17.74782362
  20 2.18826819 -48.83483752 -48.83483643 -48.83478103 -48.83470097 -18.63561034 -18.63558800 -18.63558119 -18.63556560 -18.30461850 -18.30461073 -18.30457607 -18.30454565 -18.27560016 -18.27556784 -18.27550792 -18.27549756 -5.82764818 -5.82762016 -5.82758503 -5.82752095 -4.79580983 -4.79576391 -4.79572505 -4.79570313 6.89948145 6.89950497 6.89955644 6.89955891 7.24441991 7.24444664 7.24464512 7.24466740 8.29620029 8.29621927 8.29649757 8.29653167 8.94370536 8.94375785 8.94384676 8.94385598 9.59271120 9.59275396 9.59281582 9.59284363 10.29016680 10.29018355 10.29022439 10.29027008 15.90790074 15.90795250 15.90818997 15.90824653 17.11622434 17.11630183 17.11651530 17.11657002 18.11618863 18.11623349
  21 2.32741312 -48.84277506 -48.83501545 -48.83075536 -48.83070248 -18.58173532 -18.55519524 -18.55466816 -18.50594531 -18.42495431 -18.39096516 -18.35929348 -18.35470302 -18.30197198 -18.29379480 -18.27618333 -18.26959864 -6.39682452 -5.74797160 -5.46816042 -5.38126858 -5.02348382 -4.88276571 -4.79917005 -4.71517544 5.88073438 6.17304566 6.59706467 6.76367415 7.00832144 7.26504748 7.27093149 7.34292377 7.59969451 8.17496540 8.36156934 8.41860454 8.92104788 9.01325549 9.20777595 9.31585169 9.38905362 9.61192250 10.16448332 10.17082383 10.58480240 10.82287557 10.91254147 10.96107155 15.88026937 16.04411462 16.43112333 16.63504643 17.19705867 17.22635982 17.23225364 17.37874395 18.49652725 18.57664828
  22 2.42210355 -48.83731368 -48.83723374 -48.83248469 -48.83240391 -18.54415843 -18.54414343 -18.52040422 -18.52038233 -18.43259753 -18.43255181 -18.36655201 -18.36649839 -18.30196586 -18.30192373 -18.27378670 -18.27377778 -5.86286438 -5.86284844 -5.52297633 -5.52295026 -4.95929368 -4.95923199 -4.91099382 -4.91092903 6.67383767 6.67387530 6.86680220 6.86683287 7.22264593 7.22266004 7.49171090 7.49175582 7.78544489 7.78561970 8.31105921 8.31124165 8.53450822 8.53471569 9.16359970 9.16372969 9.64152229 9.64165364 9.72612439 9.72634955 10.33095428 10.33102268 10.59813149 10.59817287 16.31011386 16.31018048 16.53363245 16.53370123 17.25225935 17.25256292 17.39416660 17.39451856 18.22734796 18.22740251
  23 2.55906039 -48.83893831 -48.83454344 -48.83359526 -48.83207468 -18.58550696 -18.55040424 -18.52970379 -18.52463705 -18.45790004 -18.39795444 -18.38875364 -18.34004339 -18.29719017 -18.27369561 -18.27123601 -18.26276692 -6.03087487 -5.65957244 -5.45638772 -5.31410275 -5.30294133 -5.10895474 -4.83199528 -4.79594778 6.20172832 6.56336874 6.63502143 6.94970213 6.99945461 7.17052802 7.18367396 7.66071264 7.74599705 8.19356262 8.23185415 8.62037558 8.75032290 9.16707371 9.23294913 9.44120503 9.45580464 9.71216482 9.77027600 9.84493520 10.19504918 10.27384851 10.84349960 10.87871226 15.79192082 15.93172666 16.09214639 16.33283157 16.81140032 17.45326369 17.58560392 17.61066539 17.67291061 17.88654179
  24 2.65375081 -48.83643682 -48.83638253 -48.83321324 -48.83315745 -18.63917869 -18.63915487 -18.61095448 -18.61092889 -18.32570285 -18.32567689 -18.30212650 -18.30207447 -18.28872913 -18.28869370 -18.26594666 -18.26591452 -5.90849281 -5.90847294 -5.71081079 -5.71076081 -4.85245561 -4.85241395 -4.77427212 -4.77420256 6.75093287 6.75095357 6.96969176 6.96978260 7.14777672 7.14796417 7.32405971 7.32416396 8.11700115 8.11701537 8.42622134 8.42627356 8.86485009 8.86491956 9.13926216 9.13938830 9.56191196 9.56194550 9.68979956 9.68988801 10.09044265 10.09046902 10.45966851 10.45970777 15.79391717 15.79396607 16.15930472 16.15932336 16.89294215 16.89304763 17.30850281 17.30866037 17.98499547 17.98503138
  25 2.79289575 -48.84603747 -48.83171551 -48.83078193 -48.83072830 -18.60880928 -18.60788453 -18.59677946 -18.46398362 -18.38484057 -18.37084067 -18.36318644 -18.35324481 -18.31122164 -18.28169905 -18.26054916 -18.25546966 -6.66870889 -5.50673896 -5.50380052 -5.34184769 -5.03086011 -4.83967583 -4.81268185 -4.68562523 5.79659456 5.93407351 6.22388674 6.57321510 6.81336656 7.21603855 7.46998168 7.59897684 7.81808178 8.17171950 8.23799727 8.75669948 8.86990302 9.07462964 9.37965918 9.53691943 9.64355463 9.75200002 10.09875700 10.10010595 10.31886821 10.83769486 10.95907542 11.04991909 15.99159082 16.32631584 16.38758682 16.77546137 17.05672237 17.17889060 17.20847228 17.31209015 17.99282722 18.30441595
  26 2.88758617 -48.83937218 -48.83929210 -48.83045448 -48.83037387 -18.54734615 -18.54731255 -18.51509472 -18.51507486 -18.44824731 -18.44823815 -18.34321377 -18.34320060 -18.31265150 -18.31262532 -18.27082955 -18.27081596 -6.00281993 -6.00280323 -5.37492904 -5.37489681 -4.98118968 -4.98112740 -4.88719630 -4.88712912 6.51429311 6.51436299 6.75565572 6.75567937 7.15687196 7.15691282 7.38361892 7.38369459 7.73197827 7.73209987 8.41339629 8.41349298 8.72505152 8.72519158 9.22171451 9.22177127 9.61222922 9.61228075 9.99085807 9.99096732 10.33144701 10.33149607 10.67769506 10.67775453 16.32931049 16.32937614 16.69722055 16.69727097 17.09177387 17.09204824 17.31863562 17.31897416 18.18863864 18.18869350
  27 3.02454301 -48.84121750 -48.83560936 -48.83134284 -48.83105457 -18.58392927 -18.52397063 -18.51875474 -18.51351437 -18.46363888 -18.42475630 -18.35839349 -18.34439394 -18.29761325 -18.29548233 -18.28012339 -18.27445343 -6.17923811 -5.51025528 -5.48693407 -5.38613307 -5.24830741 -5.02580923 -4.84807498 -4.78693732 6.06866163 6.34161641 6.67129076 6.80831662 6.97934650 7.09985085 7.10820561 7.46490921 7.95782178 8.02428032 8.48036271 8.57182889 8.64752971 9.01324878 9.36092764 9.44965293 9.65105845 9.78673303 9.96124533 9.98449896 10.32987266 10.33828373 10.91506883 10.94789582 15.93074300 16.03519847 16.10419153 16.55140710 16.57788696 17.52971830 17.58197537 17.69894778 17.74060776 18.07279585
  28 3.11923344 -48.83783239 -48.83777766 -48.83186340 -48.83180815 -18.62178190 -18.62175925 -18.57013427 -18.57010689 -18.36894435 -18.36893520 -18.31616772 -18.31612419 -18.29282711 -18.29278353 -18.26545698 -18.26542765 -5.95432827 -5.95431668 -5.56766092 -5.56760046 -4.93614389 -4.93610153 -4.78625701 -4.78617845 6.61012770 6.61016994 6.78996782 6.78997935 7.09827826 7.09835993 7.53014871 7.53025365 8.12512061 8.12518676 8.28526224 8.28530762 8.90502706 8.90505386 9.10949254 9.10967037 9.65303515 9.65312891 9.82607253 9.82610768 10.06933297 10.06940854 10.56877927 10.56882738 15.82804644 15.82810487 16.42738760 16.42744093 16.70362092 16.70379249 17.44420295 17.44439279 17.97633359 17.97640787
  29 3.25837837 -48.84820552 -48.83081356 -48.83076258 -48.82950878 -18.64647299 -18.62563404 -18.62390232 -18.42991350 -18.38041941 -18.36645802 -18.35599204 -18.34777268 -18.32549187 -18.25126493 -18.24936678 -18.24525972 -6.84791767 -5.52772536 -5.40979169 -5.31454741 -4.96329528 -4.86751700 -4.76473639 -4.66860515 5.72753648 5.84014858 5.84367364 6.51549097 6.72549507 6.84722211 7.81394096 7.84554883 7.94496273 8.12640767 8.40660144 8.74494554 8.92205824 9.20626510 9.35435622 9.60777246 9.77781474 9.99621674 10.02746223 10.03038146 10.24021263 10.88228914 11.01298013 11.14006186 16.10630811 16.38205973 16.54842454 16.90203466 16.94372103 17.15100562 17.17337402 17.34534929 17.37792230 18.10001462
  30 3.35306879 -48.84075351 -48.84067343 -48.82910536 -48.82902481 -18.54521205 -18.54516001 -18.52187272 -18.52183801 -18.44707277 -18.44703511 -18.34627605 -18.34622336 -18.29958706 -18.29957124 -18.27534963 -18.27532764 -6.09507185 -6.09505383 -5.27403801 -5.27401125 -4.99876673 -4.99870536 -4.86772072 -4.86765253 6.34621757 6.34627077 6.64685239 6.64686844 7.16905118 7.16913726 7.26972366 7.26975107 7.70983098 7.70989202 8.49143060 8.49151680 8.92205044 8.92211540 9.19182567 9.19190696 9.57237123 9.57240556 10.19022308 10.19033418 10.45699694 10.45708917 10.72089522 10.72096221 16.38699312 16.38707191 16.80657428 16.80666703 16.96660769 16.96675687 17.29098812 17.29114002 18.14721772 18.14725673
  31 3.49002564 -48.84274472 -48.83632917 -48.83038441 -48.82983450 -18.57498479 -18.53685789 -18.49036256 -18.48927316 -18.44264995 -18.43970047 -18.36863615 -18.34976554 -18.31422380 -18.30613099 -18.28483404 -18.28080333 -6.27620797 -5.54303716 -5.44334489 -5.36121845 -5.20260261 -4.96930369 -4.85828605 -4.78750781 6.01369442 6.07436108 6.74135309 6.76464562 6.78816959 7.02901754 7.23292519 7.25565043 7.89978050 8.04677164 8.54139607 8.55276267 8.65496396 8.91638460 9.44420510 9.48546739 9.79994511 9.83436896 10.01797137 10.20133222 10.36470435 10.57325272 10.99090839 10.99332217 15.91136629 16.14230560 16.14711800 16.70398044 16.70562522 17.44839180 17.58712290 17.75535104 17.94806636 18.29200728
  32 3.58471606 -48.83877993 -48.83872504 -48.83096107 -48.83090600 -18.59057208 -18.59055267 -18.52322842 -18.52320204 -18.42334685 -18.42333587 -18.33174606 -18.33170413 -18.30577909 -18.30574823 -18.26332298 -18.26330477 -5.97418674 -5.97417661 -5.42132059 -5.42126201 -5.03381407 -5.03376055 -4.81369552 -4.81362053 6.43688001 6.43690172 6.70142525 6.70143402 7.04764993 7.04771350 7.78858465 7.78870373 8.10238970 8.10245567 8.28859035 8.28880435 8.73985748 8.73988015 8.96680148 8.96698022 9.61909411 9.61916316 9.96302811 9.96308538 10.33112442 10.33117753 10.62950303 10.62954290 15.93012066 15.93017171 16.42260676 16.42262695 16.79282706 16.79294448 17.49893907 17.49906593 18.02173115 18.02179202
