   1 0.00000000 -48.84459827 -48.82697514 -48.82610586 -48.82564151 -18.62731108 -18.61407093 -18.61157971 -18.39918567 -18.34195516 -18.33636436 -18.33236167 -18.32978271 -18.31137501 -18.22822891 -18.21991751 -18.21897650 -6.84045727 -5.47330577 -5.34254387 -5.33040072 -4.82371418 -4.74401015 -4.70556723 -4.31029783 5.65516928 5.68475936 5.74839930 6.52697436 6.56581349 6.61507119 8.03839001 8.13649474 8.15497748 8.17146914 8.52728989 8.74384423 8.94789749 9.14662355 9.53964223 9.86986859 10.04637856 10.29015886 10.52904460 10.57862298 10.64798020 10.99524513 11.04071655 11.44637153 16.18064863 16.24667361 16.42266330 16.82732643 16.88380578 17.01561998 17.09144373 17.10801162 17.38176787 17.68886356
   2 0.09632927 -48.83641322 -48.83638173 -48.82531182 -48.82527965 -18.50501655 -18.50499010 -18.49070953 -18.49069459 -18.42169991 -18.42167355 -18.33963108 -18.33959520 -18.27824399 -18.27822931 -18.26500398 -18.26497543 -6.01099751 -6.01086751 -5.19205399 -5.19189120 -4.94846136 -4.94836613 -4.71477630 -4.71463341 6.35754182 6.35769334 6.66362869 6.66366510 7.09448028 7.09448883 7.37093131 7.37102126 7.75074085 7.75083919 8.53880573 8.53888201 8.89000371 8.89020691 9.42067050 9.42069817 9.79035625 9.79039860 10.59136262 10.59138290 10.75841220 10.75863140 10.90627137 10.90633040 16.42229712 16.42244184 16.74545977 16.74547672 16.88750110 16.88753198 17.22915482 17.22916287 17.85805901 17.85819052
   3 0.23383337 -48.83899220 -48.83267441 -48.82603457 -48.82572463 -18.53745092 -18.51768805 -18.45961902 -18.45412776 -18.42683151 -18.40306396 -18.35376833 -18.33902206 -18.29439225 -18.28978554 -18.26888669 -18.25852873 -6.24342048 -5.54234043 -5.32732163 -5.25023592 -5.09918304 -4.83433493 -4.78089867 -4.64383741 6.11567720 6.20765729 6.72361990 6.82532085 6.91166775 7.21477146 7.22916117 7.38152587 7.65658850 8.19194072 8.58404544 8.61528277 8.69673657 8.84265558 9.41861853 9.69920380 9.86349200 9.88208019 10.38521370 10.47325651 10.58552758 10.77296510 11.15811717 11.22881767 15.99647753 16.16127243 16.29889493 16.59356524 16.90739603 17.43182726 17.53927018 17.75114715 17.83967345 18.07337860
   4 0.33016264 -48.83446191 -48.83442878 -48.82721410 -48.82718264 -18.53366576 -18.53363799 -18.47471442 -18.47469532 -18.43718945 -18.43716651 -18.32608397 -18.32605070 -18.28575183 -18.28571536 -18.24559513 -18.24556862 -5.85475622 -5.85458503 -5.26540819 -5.26526575 -5.05363751 -5.05345210 -4.72942321 -4.72925294 6.51549295 6.51565089 6.89778037 6.89780666 7.09107904 7.09109165 7.97418079 7.97431823 8.17688830 8.17695870 8.34177896 8.34188362 8.76316496 8.76329021 9.03494155 9.03504637 9.61136250 9.61142298 10.12465532 10.12468310 10.57318494 10.57321808 10.70764745 10.70775120 15.76069134 15.76074811 16.41224226 16.41226314 16.97628433 16.97640768 17.48674997 17.48677178 17.95835163 17.95841974
   5 0.46982155 -48.84388859 -48.82693987 -48.82636606 -48.82613237 -18.61423822 -18.60646928 -18.60165572 -18.40731039 -18.34603523 -18.34108391 -18.33444113 -18.33097918 -18.30459841 -18.23363720 -18.23174688 -18.22325138 -6.77809568 -5.45079460 -5.35519915 -5.32156498 -4.87370065 -4.74731323 -4.72236069 -4.34424268 5.73372371 5.74957676 5.82637175 6.55637402 6.64942904 6.72781168 7.91241894 7.97795457 8.13688867 8.19467929 8.42674709 8.69135052 8.98828684 9.17613989 9.56046736 9.88692708 10.17731977 10.20755661 10.37686227 10.46470545 10.58767590 10.99508643 11.02094167 11.40684467 16.17671469 16.25831172 16.37868104 16.85101041 16.90159751 17.06445440 17.10689523 17.18355306 17.32034528 17.80598752
   6 0.56615082 -48.83598718 -48.83595566 -48.82572682 -48.82569469 -18.51006131 -18.51003920 -18.48609331 -18.48607255 -18.42516651 -18.42514478 -18.33355180 -18.33351887 -18.28611229 -18.28609586 -18.25982006 -18.25979705 -5.98180084 -5.98167011 -5.22386996 -5.22370808 -4.94277073 -4.94267511 -4.72487846 -4.72473881 6.44348807 6.44362460 6.69564814 6.69567993 7.13542528 7.13545280 7.35552079 7.35560033 7.75672781 7.75680975 8.50951186 8.50957980 8.93324026 8.93342694 9.33921711 9.33926973 9.82386774 9.82393598 10.48895175 10.48906040 10.65809970 10.65820119 10.90824983 10.90831451 16.35852039 16.35863669 16.71449242 16.71455389 16.95541772 16.95543994 17.23277658 17.23278954 17.91683122 17.91692026
   7 0.70365492 -48.83848469 -48.83241808 -48.82628039 -48.82622015 -18.54020076 -18.51112571 -18.46403919 -18.46333613 -18.42683553 -18.41575366 -18.34554990 -18.33185536 -18.29219412 -18.28335559 -18.26519155 -18.26442750 -6.20928134 -5.51906049 -5.31787464 -5.29569767 -5.11070183 -4.86223803 -4.77561146 -4.64573668 6.20694282 6.21333959 6.79969106 6.79989370 6.93372032 7.27287759 7.31899236 7.33784541 7.70667792 8.18508837 8.56504869 8.58547503 8.69340366 8.88179582 9.40127500 9.64986521 9.86373786 9.88551314 10.29979549 10.39855470 10.46748087 10.71313486 11.13908750 11.19706456 16.01477393 16.14576233 16.17237271 16.57318715 16.86867184 17.50770389 17.52957676 17.73901409 17.76205215 18.01241364
   8 0.79998419 -48.83417365 -48.83414062 -48.82748698 -48.82745547 -18.55437888 -18.55435903 -18.50679381 -18.50677361 -18.39855442 -18.39854135 -18.31204897 -18.31202153 -18.28366185 -18.28362590 -18.24626983 -18.24624406 -5.85697890 -5.85680791 -5.37224193 -5.37208776 -4.95723623 -4.95706100 -4.71510249 -4.71493234 6.57065878 6.57080490 6.92707526 6.92711120 7.10333232 7.10335479 7.83542214 7.83551974 8.21551708 8.21559675 8.33530554 8.33536741 8.87266186 8.87275741 9.10685409 9.10691603 9.60491855 9.60494589 10.07427627 10.07429344 10.51020802 10.51032431 10.62825509 10.62829579 15.75131164 15.75137180 16.42833917 16.42838058 16.86481088 16.86489579 17.45757883 17.45759533 17.99026957 17.99032430
   9 0.93964310 -48.84185994 -48.82842840 -48.82683288 -48.82621210 -18.58465422 -18.57698656 -18.57350843 -18.43225580 -18.37352897 -18.33871346 -18.33611998 -18.33337036 -18.29486794 -18.26546045 -18.24162139 -18.23482278 -6.59897426 -5.44158704 -5.39176280 -5.29973162 -4.95970013 -4.76954541 -4.75051330 -4.43621237 5.81339381 5.96081711 6.22615803 6.61912228 6.76086844 7.12345512 7.63959401 7.64034738 7.86348851 8.20179233 8.31144828 8.78815097 8.94511495 9.27711444 9.60445832 9.66662183 9.77896410 10.01187640 10.37830060 10.44770080 10.59162007 10.99230509 11.00688583 11.31451230 16.12714538 16.23355805 16.30058359 16.75381470 16.99909969 17.08841885 17.11758572 17.29458558 17.62680065 18.04072464
  10 1.03597237 -48.83477456 -48.83474296 -48.82691690 -48.82688486 -18.51681941 -18.51680348 -18.48393337 -18.48391008 -18.42572807 -18.42571793 -18.32624099 -18.32621679 -18.29520191 -18.29517817 -18.25407915 -18.25406345 -5.89782856 -5.89769570 -5.31632416 -5.31616737 -4.92216416 -4.92206639 -4.75313238 -4.75300090 6.61835985 6.61840763 6.84922486 6.84929456 7.15980545 7.15984385 7.40406827 7.40412537 7.78080903 7.78086411 8.43549684 8.43551551 8.91213511 8.91215998 9.28218490 9.28228010 9.82104122 9.82111180 10.15214327 10.15231749 10.55679843 10.55685903 10.87870262 10.87877969 16.25366696 16.25374117 16.57326295 16.57335427 17.14121402 17.14123238 17.28260894 17.28263463 17.99173987 17.99174607
  11 1.17347647 -48.83703825 -48.83168688 -48.82765413 -48.82697458 -18.54405102 -18.49531473 -18.48206465 -18.48194786 -18.43688437 -18.41406629 -18.33758347 -18.32858326 -18.28306106 -18.27867231 -18.26400789 -18.25930670 -6.11113571 -5.45324730 -5.41806483 -5.28941936 -5.14375247 -4.93890729 -4.76006076 -4.65553694 6.26140660 6.44998445 6.74711172 6.99940409 7.02128436 7.23588537 7.34535381 7.56200702 7.84048608 8.07946161 8.44617812 8.60591415 8.73288140 8.99738926 9.39059696 9.48133268 9.75145263 9.83129512 10.10096296 10.19375891 10.40837080 10.50067337 11.08014711 11.10755808 15.93807628 15.98080176 16.11934938 16.47673535 16.93955527 17.51294729 17.61372293 17.63578799 17.71127233 17.86175064
  12 1.26980574 -48.83335906 -48.83332626 -48.82825781 -48.82822608 -18.58750397 -18.58749110 -18.55087569 -18.55085947 -18.34601994 -18.34601251 -18.29058594 -18.29056939 -18.27637720 -18.27635247 -18.24723861 -18.24721682 -5.85580275 -5.85563242 -5.53276830 -5.53260771 -4.82556334 -4.82539349 -4.68366294 -4.68349398 6.69410225 6.69421121 7.02486852 7.02490543 7.14988745 7.14990242 7.57716898 7.57723039 8.26217048 8.26228509 8.42472158 8.42476840 8.99351121 8.99354725 9.19655770 9.19660463 9.61960815 9.61968049 10.00233727 10.00236010 10.23924876 10.23936771 10.54605009 10.54611032 15.72363229 15.72368658 16.35316292 16.35326920 16.77253562 16.77258290 17.38688326 17.38689949 18.00129124 18.00132930
  13 1.40946465 -48.83880578 -48.83152581 -48.82667879 -48.82633941 -18.55146552 -18.53240513 -18.52323571 -18.46937404 -18.41214777 -18.36828462 -18.33563941 -18.33392222 -18.28460368 -18.27857834 -18.25585731 -18.25079274 -6.32655424 -5.67588135 -5.32268680 -5.27861490 -4.96847836 -4.83805058 -4.73303983 -4.55811852 5.99271338 6.28648749 6.61471851 6.74041424 7.04753538 7.30568862 7.33892784 7.41369086 7.62813942 8.05647596 8.49393174 8.56885448 8.97019632 9.09327017 9.22836131 9.50656894 9.62902448 9.76148855 10.40048978 10.54511856 10.71213614 10.99447027 11.01811358 11.20626466 16.03875328 16.07001517 16.37561173 16.61815450 17.08774063 17.13908934 17.19599897 17.32422341 18.01771370 18.18799475
  14 1.50579392 -48.83296251 -48.83293082 -48.82870785 -48.82867589 -18.51762906 -18.51761817 -18.49539444 -18.49537749 -18.40750783 -18.40749950 -18.34607582 -18.34606260 -18.28171062 -18.28169373 -18.25487093 -18.25486160 -5.76967295 -5.76953644 -5.45459908 -5.45445000 -4.88641822 -4.88631518 -4.79430522 -4.79418397 6.75565338 6.75566144 6.97889415 6.97892028 7.29349566 7.29360767 7.52341525 7.52349581 7.82494633 7.82500451 8.39218355 8.39221780 8.67209279 8.67217236 9.26060874 9.26064491 9.70587341 9.70590362 9.91333175 9.91336371 10.56244158 10.56252569 10.78124735 10.78133415 16.20228536 16.20231451 16.39630116 16.39637659 17.31531131 17.31533932 17.37314894 17.37317455 18.02284410 18.02289103
  15 1.64329802 -48.83487556 -48.83059108 -48.82979720 -48.82803558 -18.54171584 -18.50769992 -18.49435569 -18.48932083 -18.43440255 -18.38808529 -18.36666300 -18.32948958 -18.28154959 -18.26343360 -18.25917279 -18.25134107 -5.96130735 -5.58888919 -5.35871442 -5.23976910 -5.19485342 -5.04699004 -4.73562509 -4.67676397 6.37856072 6.66752193 6.73696424 7.10758839 7.22352221 7.22946891 7.37378367 7.83515757 7.85450821 8.04531076 8.30424055 8.66684894 8.69323622 9.17218067 9.18450421 9.45323817 9.46525744 9.81695878 9.90770240 10.04580081 10.29814304 10.37685129 10.99990484 11.00231271 15.77669392 15.85661270 16.12117883 16.31662832 17.20013821 17.50463820 17.55528136 17.62189865 17.69048503 17.74732053
  16 1.73962729 -48.83216120 -48.83212868 -48.82940829 -48.82937611 -18.60783061 -18.60782014 -18.58763154 -18.58761890 -18.30549689 -18.30548878 -18.28164122 -18.28162338 -18.26560820 -18.26559353 -18.24731478 -18.24730079 -5.83371400 -5.83354483 -5.67314215 -5.67297761 -4.72628313 -4.72611691 -4.66112770 -4.66096131 6.81894571 6.81901839 7.07960048 7.07964309 7.26415068 7.26424482 7.41184940 7.41191246 8.30992258 8.31004460 8.54555508 8.54560529 8.96242169 8.96246603 9.24152116 9.24159445 9.57243135 9.57248144 9.86346627 9.86348388 10.17124013 10.17132287 10.45260495 10.45265184 15.72680484 15.72682681 16.08141496 16.08149782 16.91970403 16.91976544 17.27779739 17.27783605 17.99824251 17.99829318
  17 1.87928620 -48.83520983 -48.83514613 -48.82652957 -48.82648323 -18.51125218 -18.51122020 -18.49428296 -18.49426128 -18.42254224 -18.42252927 -18.33343888 -18.33342268 -18.27133450 -18.27129387 -18.26751689 -18.26748286 -5.99970048 -5.99959651 -5.28026511 -5.28016917 -4.91277215 -4.91266937 -4.66892951 -4.66886589 6.25707947 6.25713882 6.85102986 6.85112959 7.05368190 7.05375354 7.49535583 7.49545233 7.75447569 7.75454096 8.55234009 8.55244443 8.71597913 8.71608233 9.45271624 9.45281772 9.59694899 9.59696034 10.46466899 10.46467950 10.90238497 10.90249236 11.10125402 11.10129450 15.99946225 15.99956814 16.48363450 16.48365082 17.13824430 17.13830646 17.29759892 17.29762734 18.17509692 18.17517870
  18 1.97561547 -48.83084140 -48.83081969 -48.83081904 -48.83077805 -18.50976013 -18.50974726 -18.50974058 -18.50972541 -18.37746721 -18.37743635 -18.37740955 -18.37738507 -18.26467355 -18.26465750 -18.26465399 -18.26464645 -5.61444429 -5.61431714 -5.61427299 -5.61419626 -4.84136288 -4.84127205 -4.84123850 -4.84115698 6.88217557 6.88222397 6.88225671 6.88230366 7.52341428 7.52347931 7.52356742 7.52358972 8.05775116 8.05781380 8.05782967 8.05788325 8.87526798 8.87529733 8.87534081 8.87536251 9.80522819 9.80531364 9.80532878 9.80540009 10.65062491 10.65070124 10.65072051 10.65079964 16.25410648 16.25411459 16.25415409 16.25418425 17.40179023 17.40181061 17.40183219 17.40186354 18.08965682 18.08967212
  19 2.11311957 -48.83236238 -48.83230196 -48.82933113 -48.82927728 -18.52937585 -18.52936926 -18.49569530 -18.49567132 -18.40315116 -18.40312411 -18.35671314 -18.35666230 -18.26802615 -18.26802200 -18.25107172 -18.25105562 -5.77914625 -5.77904197 -5.26472705 -5.26468922 -5.15854591 -5.15851598 -4.70585702 -4.70578876 6.53518020 6.53527786 6.95142127 6.95150689 7.34560218 7.34571069 7.55220228 7.55223548 8.10355410 8.10363392 8.34600013 8.34606721 8.88376765 8.88378303 9.33503016 9.33505810 9.65471446 9.65476269 9.87214720 9.87218635 10.31601175 10.31607592 10.95694379 10.95697164 15.75781721 15.75783490 16.18328573 16.18336045 17.47539726 17.47547191 17.51451922 17.51455402 17.69747980 17.69754390
  20 2.20944884 -48.83078521 -48.83076587 -48.83076502 -48.83072093 -18.60804379 -18.60803134 -18.60801543 -18.60800822 -18.28577183 -18.28575207 -18.28573608 -18.28572759 -18.25337342 -18.25333368 -18.25333305 -18.25331041 -5.77506656 -5.77498137 -5.77486288 -5.77482252 -4.67143188 -4.67138624 -4.67126055 -4.67122437 6.95508736 6.95512067 6.95514704 6.95517368 7.37525209 7.37532306 7.37534046 7.37538508 8.44797406 8.44800696 8.44810931 8.44812731 9.07535864 9.07537390 9.07545597 9.07546825 9.66105693 9.66106849 9.66111340 9.66113308 10.32698454 10.32703734 10.32710262 10.32714678 15.84067973 15.84070721 15.84075548 15.84077356 17.11459114 17.11464505 17.11466778 17.11473323 18.08979947 18.08982532
  21 2.34910775 -48.83880578 -48.83152581 -48.82667879 -48.82633941 -18.55146552 -18.53240513 -18.52323571 -18.46937404 -18.41214777 -18.36828462 -18.33563941 -18.33392222 -18.28460368 -18.27857834 -18.25585731 -18.25079274 -6.32655424 -5.67588135 -5.32268680 -5.27861490 -4.96847836 -4.83805058 -4.73303983 -4.55811852 5.99271338 6.28648749 6.61471851 6.74041424 7.04753538 7.30568862 7.33892784 7.41369086 7.62813942 8.05647596 8.49393174 8.56885448 8.97019632 9.09327017 9.22836131 9.50656894 9.62902448 9.76148855 10.40048978 10.54511856 10.71213614 10.99447027 11.01811358 11.20626466 16.03875328 16.07001517 16.37561173 16.61815450 17.08774063 17.13908934 17.19599897 17.32422341 18.01771370 18.18799475
  22 2.44543702 -48.83296251 -48.83293082 -48.82870785 -48.82867589 -18.51762906 -18.51761817 -18.49539444 -18.49537749 -18.40750783 -18.40749950 -18.34607582 -18.34606260 -18.28171062 -18.28169373 -18.25487093 -18.25486160 -5.76967295 -5.76953644 -5.45459908 -5.45445000 -4.88641822 -4.88631518 -4.79430522 -4.79418397 6.75565338 6.75566144 6.97889415 6.97892028 7.29349566 7.29360767 7.52341525 7.52349581 7.82494633 7.82500451 8.39218355 8.39221780 8.67209279 8.67217236 9.26060874 9.26064491 9.70587341 9.70590362 9.91333175 9.91336371 10.56244158 10.56252569 10.78124735 10.78133415 16.20228536 16.20231451 16.39630116 16.39637659 17.31531131 17.31533932 17.37314894 17.37317455 18.02284410 18.02289103
  23 2.58294112 -48.83487556 -48.83059108 -48.82979720 -48.82803558 -18.54171584 -18.50769992 -18.49435569 -18.48932083 -18.43440255 -18.38808529 -18.36666300 -18.32948958 -18.28154959 -18.26343360 -18.25917279 -18.25134107 -5.96130735 -5.58888919 -5.35871442 -5.23976910 -5.19485342 -5.04699004 -4.73562509 -4.67676397 6.37856072 6.66752193 6.73696424 7.10758839 7.22352221 7.22946891 7.37378367 7.83515757 7.85450821 8.04531076 8.30424055 8.66684894 8.69323622 9.17218067 9.18450421 9.45323817 9.46525744 9.81695878 9.90770240 10.04580081 10.29814304 10.37685129 10.99990484 11.00231271 15.77669392 15.85661270 16.12117883 16.31662832 17.20013821 17.50463820 17.55528136 17.62189865 17.69048503 17.74732053
  24 2.67927039 -48.83216120 -48.83212868 -48.82940829 -48.82937611 -18.60783061 -18.60782014 -18.58763154 -18.58761890 -18.30549689 -18.30548878 -18.28164122 -18.28162338 -18.26560820 -18.26559353 -18.24731478 -18.24730079 -5.83371400 -5.83354483 -5.67314215 -5.67297761 -4.72628313 -4.72611691 -4.66112770 -4.66096131 6.81894571 6.81901839 7.07960048 7.07964309 7.26415068 7.26424482 7.41184940 7.41191246 8.30992258 8.31004460 8.54555508 8.54560529 8.96242169 8.96246603 9.24152116 9.24159445 9.57243135 9.57248144 9.86346627 9.86348388 10.17124013 10.17132287 10.45260495 10.45265184 15.72680484 15.72682681 16.08141496 16.08149782 16.91970403 16.91976544 17.27779739 17.27783605 17.99824251 17.99829318
  25 2.81892930 -48.84185994 -48.82842840 -48.82683288 -48.82621210 -18.58465422 -18.57698656 -18.57350843 -18.43225580 -18.37352897 -18.33871346 -18.33611998 -18.33337036 -18.29486794 -18.26546045 -18.24162139 -18.23482278 -6.59897426 -5.44158704 -5.39176280 -5.29973162 -4.95970013 -4.76954541 -4.75051330 -4.43621237 5.81339381 5.96081711 6.22615803 6.61912228 6.76086844 7.12345512 7.63959401 7.64034738 7.86348851 8.20179233 8.31144828 8.78815097 8.94511495 9.27711444 9.60445832 9.66662183 9.77896410 10.01187640 10.37830060 10.44770080 10.59162007 10.99230509 11.00688583 11.31451230 16.12714538 16.23355805 16.30058359 16.75381470 16.99909969 17.08841885 17.11758572 17.29458558 17.62680065 18.04072464
  26 2.91525857 -48.83477456 -48.83474296 -48.82691690 -48.82688486 -18.51681941 -18.51680348 -18.48393337 -18.48391008 -18.42572807 -18.42571793 -18.32624099 -18.32621679 -18.29520191 -18.29517817 -18.25407915 -18.25406345 -5.89782856 -5.89769570 -5.31632416 -5.31616737 -4.92216416 -4.92206639 -4.75313238 -4.75300090 6.61835985 6.61840763 6.84922486 6.84929456 7.15980545 7.15984385 7.40406827 7.40412537 7.78080903 7.78086411 8.43549684 8.43551551 8.91213511 8.91215998 9.28218490 9.28228010 9.82104122 9.82111180 10.15214327 10.15231749 10.55679843 10.55685903 10.87870262 10.87877969 16.25366696 16.25374117 16.57326295 16.57335427 17.14121402 17.14123238 17.28260894 17.28263463 17.99173987 17.99174607
  27 3.05276267 -48.83703825 -48.83168688 -48.82765413 -48.82697458 -18.54405102 -18.49531473 -18.48206465 -18.48194786 -18.43688437 -18.41406629 -18.33758347 -18.32858326 -18.28306106 -18.27867231 -18.26400789 -18.25930670 -6.11113571 -5.45324730 -5.41806483 -5.28941936 -5.14375247 -4.93890729 -4.76006076 -4.65553694 6.26140660 6.44998445 6.74711172 6.99940409 7.02128436 7.23588537 7.34535381 7.56200702 7.84048608 8.07946161 8.44617812 8.60591415 8.73288140 8.99738926 9.39059696 9.48133268 9.75145263 9.83129512 10.10096296 10.19375891 10.40837080 10.50067337 11.08014711 11.10755808 15.93807628 15.98080176 16.11934938 16.47673535 16.93955527 17.51294729 17.61372293 17.63578799 17.71127233 17.86175064
  28 3.14909194 -48.83335906 -48.83332626 -48.82825781 -48.82822608 -18.58750397 -18.58749110 -18.55087569 -18.55085947 -18.34601994 -18.34601251 -18.29058594 -18.29056939 -18.27637720 -18.27635247 -18.24723861 -18.24721682 -5.85580275 -5.85563242 -5.53276830 -5.53260771 -4.82556334 -4.82539349 -4.68366294 -4.68349398 6.69410225 6.69421121 7.02486852 7.02490543 7.14988745 7.14990242 7.57716898 7.57723039 8.26217048 8.26228509 8.42472158 8.42476840 8.99351121 8.99354725 9.19655770 9.19660463 9.61960815 9.61968049 10.00233727 10.00236010 10.23924876 10.23936771 10.54605009 10.54611032 15.72363229 15.72368658 16.35316292 16.35326920 16.77253562 16.77258290 17.38688326 17.38689949 18.00129124 18.00132930
  29 3.28875085 -48.84388859 -48.82693987 -48.82636606 -48.82613237 -18.61423822 -18.60646928 -18.60165572 -18.40731039 -18.34603523 -18.34108391 -18.33444113 -18.33097918 -18.30459841 -18.23363720 -18.23174688 -18.22325138 -6.77809568 -5.45079460 -5.35519915 -5.32156498 -4.87370065 -4.74731323 -4.72236069 -4.34424268 5.73372371 5.74957676 5.82637175 6.55637402 6.64942904 6.72781168 7.91241894 7.97795457 8.13688867 8.19467929 8.42674709 8.69135052 8.98828684 9.17613989 9.56046736 9.88692708 10.17731977 10.20755661 10.37686227 10.46470545 10.58767590 10.99508643 11.02094167 11.40684467 16.17671469 16.25831172 16.37868104 16.85101041 16.90159751 17.06445440 17.10689523 17.18355306 17.32034528 17.80598752
  30 3.38508012 -48.83598718 -48.83595566 -48.82572682 -48.82569469 -18.51006131 -18.51003920 -18.48609331 -18.48607255 -18.42516651 -18.42514478 -18.33355180 -18.33351887 -18.28611229 -18.28609586 -18.25982006 -18.25979705 -5.98180084 -5.98167011 -5.22386996 -5.22370808 -4.94277073 -4.94267511 -4.72487846 -4.72473881 6.44348807 6.44362460 6.69564814 6.69567993 7.13542528 7.13545280 7.35552079 7.35560033 7.75672781 7.75680975 8.50951186 8.50957980 8.93324026 8.93342694 9.33921711 9.33926973 9.82386774 9.82393598 10.48895175 10.48906040 10.65809970 10.65820119 10.90824983 10.90831451 16.35852039 16.35863669 16.71449242 16.71455389 16.95541772 16.95543994 17.23277658 17.23278954 17.91683122 17.91692026
  31 3.52258422 -48.83848469 -48.83241808 -48.82628039 -48.82622015 -18.54020076 -18.51112571 -18.46403919 -18.46333613 -18.42683553 -18.41575366 -18.34554990 -18.33185536 -18.29219412 -18.28335559 -18.26519155 -18.26442750 -6.20928134 -5.51906049 -5.31787464 -5.29569767 -5.11070183 -4.86223803 -4.77561146 -4.64573668 6.20694282 6.21333959 6.79969106 6.79989370 6.93372032 7.27287759 7.31899236 7.33784541 7.70667792 8.18508837 8.56504869 8.58547503 8.69340366 8.88179582 9.40127500 9.64986521 9.86373786 9.88551314 10.29979549 10.39855470 10.46748087 10.71313486 11.13908750 11.19706456 16.01477393 16.14576233 16.17237271 16.57318715 16.86867184 17.50770389 17.52957676 17.73901409 17.76205215 18.01241364
  32 3.61891349 -48.83417365 -48.83414062 -48.82748698 -48.82745547 -18.55437888 -18.55435903 -18.50679381 -18.50677361 -18.39855442 -18.39854135 -18.31204897 -18.31202153 -18.28366185 -18.28362590 -18.24626983 -18.24624406 -5.85697890 -5.85680791 -5.37224193 -5.37208776 -4.95723623 -4.95706100 -4.71510249 -4.71493234 6.57065878 6.57080490 6.92707526 6.92711120 7.10333232 7.10335479 7.83542214 7.83551974 8.21551708 8.21559675 8.33530554 8.33536741 8.87266186 8.87275741 9.10685409 9.10691603 9.60491855 9.60494589 10.07427627 10.07429344 10.51020802 10.51032431 10.62825509 10.62829579 15.75131164 15.75137180 16.42833917 16.42838058 16.86481088 16.86489579 17.45757883 17.45759533 17.99026957 17.99032430
