   1 0.00000000 -49.21023251 -49.19383083 -49.19369162 -49.19095768 -19.02273967 -18.98724553 -18.98285727 -18.78717657 -18.76570642 -18.72974339 -18.72774289 -18.72084856 -18.69785121 -18.62983586 -18.61479920 -18.60801130 -7.14765176 -5.76382534 -5.75424542 -5.59159221 -5.33955892 -5.22404951 -5.11084917 -5.08544058 5.36642935 5.44123884 5.80263753 6.17620563 6.32164261 6.40199577 7.50420345 7.58669201 7.78641787 7.91474925 8.21248802 8.41089792 8.43094894 8.87457691 9.05670939 9.14620655 9.28936802 9.52979925 9.54633514 9.67690709 10.09202842 10.51248627 10.56371617 10.69851732 15.93506027 16.01539528 16.31798249 16.32579182 16.40016285 16.57439253 16.77030731 16.85710537 17.08192717 17.33793718
   2 0.09290700 -49.20348343 -49.20339391 -49.19095662 -49.19088652 -18.91720165 -18.91715815 -18.88502310 -18.88498050 -18.82672493 -18.82663926 -18.71610117 -18.71604427 -18.65165386 -18.65163285 -18.65014261 -18.65012132 -6.41745624 -6.41738676 -5.50752811 -5.50744279 -5.34892557 -5.34889041 -5.29079394 -5.29078836 6.12644230 6.12650645 6.30730722 6.30736500 6.79169689 6.79173029 7.01775358 7.01783347 7.50481000 7.50482325 8.04551616 8.04565386 8.62317289 8.62318457 8.80677514 8.80685588 9.11376008 9.11382380 9.75086457 9.75092261 10.00058478 10.00062335 10.40892397 10.40900552 16.02760456 16.02766921 16.43139181 16.43146155 16.62728158 16.62736414 17.13502897 17.13505342 17.45541088 17.45542607
   3 0.22875525 -49.20433468 -49.19981196 -49.19277077 -49.19190516 -18.92385369 -18.89816663 -18.85181661 -18.83456388 -18.82642700 -18.79154767 -18.74433958 -18.73190882 -18.69095604 -18.68785189 -18.66604047 -18.65863567 -6.49034042 -5.98957010 -5.68265769 -5.60118127 -5.44918914 -5.37643657 -5.30646117 -5.20655931 5.80142240 5.81363848 6.42673139 6.53768966 6.54637857 6.73037789 6.84365357 6.86026300 7.46599377 7.48895089 8.18762457 8.26412289 8.40220718 8.56652880 9.07715934 9.09979773 9.22964796 9.55645262 9.69570641 9.77900073 10.18509610 10.34052357 10.51200278 10.55692198 15.57826847 16.00045659 16.06136144 16.44086748 16.52499814 16.82217406 17.10131176 17.34723730 17.41392683 17.53408467
   4 0.32166225 -49.20149290 -49.20131422 -49.19300678 -49.19283056 -18.92878163 -18.92877499 -18.86050406 -18.86041037 -18.82741504 -18.82734656 -18.70898415 -18.70890252 -18.68824820 -18.68815466 -18.63828957 -18.63827097 -6.25470698 -6.25463350 -5.72201075 -5.72197585 -5.38725884 -5.38718197 -5.20432709 -5.20430185 6.14949804 6.14956447 6.29336750 6.29344227 6.74730275 6.74732781 7.55774570 7.55779957 7.74860086 7.74869401 8.13355223 8.13361796 8.25566015 8.25569574 8.43812493 8.43815808 9.34455067 9.34458394 9.59191423 9.59194842 9.95115118 9.95120878 10.23681267 10.23684888 15.92339970 15.92355531 16.06747410 16.06754772 16.56723590 16.56734263 16.93336808 16.93342786 17.57624488 17.57634246
   5 0.46607202 -49.20745007 -49.19383256 -49.19380176 -49.19369134 -18.97198433 -18.97173380 -18.94795071 -18.84554898 -18.74271143 -18.73935563 -18.73316322 -18.72734867 -18.68413681 -18.65176148 -18.64062144 -18.63142416 -6.90877098 -5.80697188 -5.78380916 -5.66780724 -5.39477432 -5.24007738 -5.18435707 -5.06009422 5.56780138 5.63438031 5.94704639 6.29034817 6.44608901 7.04372011 7.10368374 7.22797766 7.47924619 7.89222496 7.97528263 8.27380499 8.32884993 8.79956072 9.20253777 9.21800930 9.23220792 9.38224288 9.73268854 9.79193828 9.81447249 10.40770928 10.50727214 10.62687594 15.88215524 16.00664531 16.01360474 16.20150773 16.64056198 16.67431036 16.82650646 16.83154465 17.33609001 17.56833751
   6 0.55897902 -49.20166040 -49.20157368 -49.19278752 -49.19271467 -18.91712625 -18.91709739 -18.87213570 -18.87211893 -18.82431809 -18.82426851 -18.70776991 -18.70775941 -18.68546671 -18.68542349 -18.64343968 -18.64343500 -6.28574525 -6.28567154 -5.63113232 -5.63105444 -5.34235527 -5.34231605 -5.31827306 -5.31825129 6.26554614 6.26558042 6.46504304 6.46509948 6.83159831 6.83163974 7.08061208 7.08075371 7.56321068 7.56336601 8.07039490 8.07054770 8.31663895 8.31666994 8.75654350 8.75666698 9.23586114 9.23589234 9.54250433 9.54253832 9.89063932 9.89071401 10.28093790 10.28099132 15.99528244 15.99529256 16.30512148 16.30531934 16.81535031 16.81540877 17.01216699 17.01224231 17.53059950 17.53062097
   7 0.69482727 -49.20252314 -49.19878140 -49.19386306 -49.19365596 -18.94357916 -18.89092133 -18.89034328 -18.88331631 -18.82644244 -18.80098936 -18.72613759 -18.70755855 -18.67569473 -18.67026261 -18.64765975 -18.64266788 -6.37644732 -5.93813289 -5.76142070 -5.61799597 -5.57858010 -5.38028242 -5.28672542 -5.20345687 5.89627958 6.14752420 6.40994811 6.46963278 6.69318465 6.81241782 6.88801298 7.01102512 7.47263627 7.62155662 8.15797018 8.27059191 8.36156636 8.63722611 8.91860644 9.04741480 9.14516986 9.31285776 9.61096972 9.75543814 10.05258044 10.12086191 10.44224923 10.48156311 15.73187659 15.73636120 15.89485828 16.14494478 16.39487737 16.98365384 17.08105499 17.12623747 17.38685004 17.41227257
   8 0.78773427 -49.20024286 -49.20006840 -49.19425388 -49.19408312 -18.98300483 -18.98298887 -18.92459829 -18.92458008 -18.74634101 -18.74632154 -18.69236326 -18.69232969 -18.66052424 -18.66049440 -18.64205280 -18.64200089 -6.23729141 -6.23720853 -5.87212628 -5.87200442 -5.32393750 -5.32390756 -5.13843860 -5.13839265 6.29109910 6.29117434 6.48127451 6.48134468 6.76744215 6.76747521 7.22483870 7.22486735 7.74818212 7.74821443 7.97410000 7.97418304 8.57526172 8.57529824 8.89698203 8.89701629 9.31528448 9.31534933 9.37548498 9.37551797 9.66647240 9.66654322 10.14066055 10.14070867 15.68565121 15.68579408 16.04460030 16.04471821 16.42850395 16.42856384 16.94522832 16.94529172 17.47122186 17.47125471
   9 0.93214403 -49.20067085 -49.20064475 -49.19378980 -49.19376931 -18.92586108 -18.92585565 -18.87263985 -18.87261122 -18.81192946 -18.81191236 -18.71071074 -18.71069435 -18.66583860 -18.66580867 -18.66349063 -18.66347670 -6.31956816 -6.31942111 -5.76960958 -5.76949559 -5.35102207 -5.35096276 -5.09700039 -5.09695570 5.77417245 5.77429822 6.61368592 6.61381598 6.74430313 6.74438840 6.97797438 6.97806938 7.29285502 7.29295288 8.23427060 8.23437622 8.45098139 8.45110232 8.91351116 8.91360253 9.14960530 9.14970101 9.86872996 9.86888579 10.27345062 10.27346346 10.49540537 10.49549452 15.70590028 15.70606261 16.12738858 16.12751009 16.67659250 16.67682363 16.90853327 16.90859700 17.86128533 17.86158282
  10 1.02505103 -49.19726866 -49.19723732 -49.19715338 -49.19711234 -18.89688382 -18.89687791 -18.89682135 -18.89679676 -18.76623107 -18.76622261 -18.76617196 -18.76608923 -18.66383760 -18.66382492 -18.66374250 -18.66373016 -5.96039257 -5.96031024 -5.96020356 -5.96017623 -5.33438001 -5.33430969 -5.33429437 -5.33426807 6.50895647 6.50902230 6.50905211 6.50905990 7.00959994 7.00963848 7.00971924 7.00973921 7.81437992 7.81439541 7.81452782 7.81458896 8.46576120 8.46580398 8.46591384 8.46596594 9.23602381 9.23606483 9.23609018 9.23613968 10.01435424 10.01435971 10.01438705 10.01445076 16.07614910 16.07622712 16.07635508 16.07644569 16.99056457 16.99063768 16.99071151 16.99078216 17.85085966 17.85089199
  11 1.16089928 -49.19814848 -49.19812723 -49.19629678 -49.19626948 -18.93934511 -18.93933941 -18.91090530 -18.91090226 -18.78618141 -18.78617224 -18.74471751 -18.74467944 -18.64282343 -18.64281803 -18.62856273 -18.62854985 -6.08670044 -6.08654234 -5.78431201 -5.78428799 -5.48157823 -5.48144621 -5.23861911 -5.23860855 6.20967901 6.20978111 6.50268838 6.50271761 6.91990400 6.92000997 6.97502039 6.97510398 7.56957438 7.56965131 8.03598728 8.03602675 8.78807148 8.78814700 8.92470938 8.92476932 9.08488020 9.08497303 9.31683751 9.31696252 10.04056266 10.04083183 10.39325577 10.39329162 15.54915714 15.54926756 15.97364239 15.97372626 16.67103104 16.67111490 17.06320779 17.06325668 17.19572928 17.19579524
  12 1.25380628 -49.19726036 -49.19723420 -49.19708959 -49.19704922 -18.99239672 -18.99237908 -18.99235914 -18.99234883 -18.68206864 -18.68205365 -18.68200847 -18.68197504 -18.64843770 -18.64842474 -18.64835493 -18.64831797 -6.11438984 -6.11429266 -6.11423395 -6.11419961 -5.17366855 -5.17364012 -5.17360432 -5.17357475 6.57434938 6.57439014 6.57442445 6.57445305 6.85198220 6.85199537 6.85205165 6.85206561 8.04510757 8.04515855 8.04518020 8.04521553 8.62057797 8.62060616 8.62071786 8.62072725 9.29503575 9.29506152 9.29510945 9.29516733 9.85777177 9.85783113 9.85785755 9.85787311 15.64656674 15.64660813 15.64671155 15.64674519 16.70718558 16.70725985 16.70732957 16.70739300 17.51858107 17.51867110
  13 1.39821605 -49.20745007 -49.19383256 -49.19380176 -49.19369134 -18.97198433 -18.97173380 -18.94795071 -18.84554898 -18.74271143 -18.73935563 -18.73316322 -18.72734867 -18.68413681 -18.65176148 -18.64062144 -18.63142416 -6.90877098 -5.80697188 -5.78380916 -5.66780724 -5.39477432 -5.24007738 -5.18435707 -5.06009422 5.56780138 5.63438031 5.94704639 6.29034817 6.44608901 7.04372011 7.10368374 7.22797766 7.47924619 7.89222496 7.97528263 8.27380499 8.32884993 8.79956072 9.20253777 9.21800930 9.23220792 9.38224288 9.73268854 9.79193828 9.81447249 10.40770928 10.50727214 10.62687594 15.88215524 16.00664531 16.01360474 16.20150773 16.64056198 16.67431036 16.82650646 16.83154465 17.33609001 17.56833751
  14 1.49112305 -49.20166040 -49.20157368 -49.19278752 -49.19271467 -18.91712625 -18.91709739 -18.87213570 -18.87211893 -18.82431809 -18.82426851 -18.70776991 -18.70775941 -18.68546671 -18.68542349 -18.64343968 -18.64343500 -6.28574525 -6.28567154 -5.63113232 -5.63105444 -5.34235527 -5.34231605 -5.31827306 -5.31825129 6.26554614 6.26558042 6.46504304 6.46509948 6.83159831 6.83163974 7.08061208 7.08075371 7.56321068 7.56336601 8.07039490 8.07054770 8.31663895 8.31666994 8.75654350 8.75666698 9.23586114 9.23589234 9.54250433 9.54253832 9.89063932 9.89071401 10.28093790 10.28099132 15.99528244 15.99529256 16.30512148 16.30531934 16.81535031 16.81540877 17.01216699 17.01224231 17.53059950 17.53062097
  15 1.62697130 -49.20252314 -49.19878140 -49.19386306 -49.19365596 -18.94357916 -18.89092133 -18.89034328 -18.88331631 -18.82644244 -18.80098936 -18.72613759 -18.70755855 -18.67569473 -18.67026261 -18.64765975 -18.64266788 -6.37644732 -5.93813289 -5.76142070 -5.61799597 -5.57858010 -5.38028242 -5.28672542 -5.20345687 5.89627958 6.14752420 6.40994811 6.46963278 6.69318465 6.81241782 6.88801298 7.01102512 7.47263627 7.62155662 8.15797018 8.27059191 8.36156636 8.63722611 8.91860644 9.04741480 9.14516986 9.31285776 9.61096972 9.75543814 10.05258044 10.12086191 10.44224923 10.48156311 15.73187659 15.73636120 15.89485828 16.14494478 16.39487737 16.98365384 17.08105499 17.12623747 17.38685004 17.41227257
  16 1.71987830 -49.20024286 -49.20006840 -49.19425388 -49.19408312 -18.98300483 -18.98298887 -18.92459829 -18.92458008 -18.74634101 -18.74632154 -18.69236326 -18.69232969 -18.66052424 -18.66049440 -18.64205280 -18.64200089 -6.23729141 -6.23720853 -5.87212628 -5.87200442 -5.32393750 -5.32390756 -5.13843860 -5.13839265 6.29109910 6.29117434 6.48127451 6.48134468 6.76744215 6.76747521 7.22483870 7.22486735 7.74818212 7.74821443 7.97410000 7.97418304 8.57526172 8.57529824 8.89698203 8.89701629 9.31528448 9.31534933 9.37548498 9.37551797 9.66647240 9.66654322 10.14066055 10.14070867 15.68565121 15.68579408 16.04460030 16.04471821 16.42850395 16.42856384 16.94522832 16.94529172 17.47122186 17.47125471
