5    
6    

1    
  0.0100000000000000   0.0000000000000000   0.0000000000000000
  -0.0340553922    0.0000000000    0.0000000000
   0.0184574982    0.0000000000    0.0000000000
   0.0042061277    0.0000000000    0.0000000000
   0.0071856385    0.0000000000    0.0000000000
   0.0042061277    0.0000000000    0.0000000000

1    
 -0.0100000000000000   0.0000000000000000   0.0000000000000000
   0.0340553922    0.0000000000    0.0000000000
  -0.0184574982    0.0000000000    0.0000000000
  -0.0042061277    0.0000000000    0.0000000000
  -0.0071856385    0.0000000000    0.0000000000
  -0.0042061277    0.0000000000    0.0000000000

2    
  0.0100000000000000   0.0000000000000000   0.0000000000000000
   0.0184756856    0.0000000000    0.0000000000
   0.0185708183    0.0000000000    0.0000000000
   0.0016880635    0.0000000000    0.0000000000
  -0.0404226310    0.0000000000    0.0000000000
   0.0016880635    0.0000000000    0.0000000000

2    
 -0.0100000000000000   0.0000000000000000   0.0000000000000000
  -0.0184756856    0.0000000000    0.0000000000
  -0.0185708183    0.0000000000    0.0000000000
  -0.0016880635    0.0000000000    0.0000000000
   0.0404226310    0.0000000000    0.0000000000
  -0.0016880635    0.0000000000    0.0000000000

3    
  0.0070710678118655   0.0000000000000000   0.0070710678118655
   0.0030051979    0.0000000000    0.0051029919
   0.0012062822    0.0000000000   -0.0285787305
  -0.0197104387    0.0000000000   -0.0122601872
   0.0178737878    0.0000000000    0.0178680265
  -0.0023748292    0.0000000000    0.0178678993

3    
 -0.0070710678118655   0.0000000000000000  -0.0070710678118655
  -0.0030051979    0.0000000000   -0.0051029919
  -0.0012062822    0.0000000000    0.0285787305
   0.0197104387    0.0000000000    0.0122601872
  -0.0178737878    0.0000000000   -0.0178680265
   0.0023748292    0.0000000000   -0.0178678993
