   5    5
1 1
     3.408279158985004    -0.000000000000000    -0.000000000000000
    -0.000000000000000     3.408279158985005     0.000000000000000
    -0.000000000000000     0.000000000000000     3.408279158985005
1 2
    -1.845051525846766    -0.000000000000000     0.000000000000000
     0.000000000000000    -1.845051525846767    -0.000000000000000
     0.000000000000000     0.000000000000000    -1.845051525846767
1 3
    -0.422135783773892     0.000000000000000    -0.000000000000000
    -0.000000000000000    -0.422135783773892    -0.000000000000000
     0.000000000000000    -0.000000000000000    -0.718956065590454
1 4
    -0.718956065590453     0.000000000000000     0.000000000000000
     0.000000000000000    -0.422135783773892     0.000000000000000
    -0.000000000000000     0.000000000000000    -0.422135783773892
1 5
    -0.422135783773892    -0.000000000000000    -0.000000000000000
    -0.000000000000000    -0.718956065590454     0.000000000000000
    -0.000000000000000     0.000000000000000    -0.422135783773892
2 1
    -1.845051525846766     0.000000000000000     0.000000000000000
    -0.000000000000000    -1.845051525846767     0.000000000000000
     0.000000000000000    -0.000000000000000    -1.845051525846767
2 2
    -1.856606440678539     0.000000000000000     0.000000000000000
     0.000000000000000    -1.856606440678539    -0.000000000000000
     0.000000000000000    -0.000000000000000    -1.856606440678539
2 3
    -0.170162299580371     0.000000000000000     0.000000000000000
    -0.000000000000000    -0.170162299580371    -0.000000000000000
    -0.000000000000000     0.000000000000000     4.041982565686048
2 4
     4.041982565686047    -0.000000000000000    -0.000000000000000
    -0.000000000000000    -0.170162299580371     0.000000000000000
     0.000000000000000    -0.000000000000000    -0.170162299580371
2 5
    -0.170162299580371     0.000000000000000     0.000000000000000
     0.000000000000000     4.041982565686048     0.000000000000000
     0.000000000000000    -0.000000000000000    -0.170162299580371
3 1
    -0.422135783773892    -0.000000000000000     0.000000000000000
     0.000000000000000    -0.422135783773892    -0.000000000000000
    -0.000000000000000    -0.000000000000000    -0.718956065590454
3 2
    -0.170162299580371    -0.000000000000000    -0.000000000000000
     0.000000000000000    -0.170162299580371     0.000000000000000
     0.000000000000000    -0.000000000000000     4.041982565686048
3 3
     2.786077399233065    -0.000000000000000     0.000000000000000
    -0.000000000000000     2.786077399233065     0.000000000000000
     0.000000000000000     0.000000000000000     1.733436116747382
3 4
    -2.528231308421488     0.000000000000000    -0.000000000000000
     0.000000000000000     0.334451992542687    -0.000000000000000
    -0.000000000000000    -0.000000000000000    -2.528231308421488
3 5
     0.334451992542686    -0.000000000000000     0.000000000000000
    -0.000000000000000    -2.528231308421488    -0.000000000000000
     0.000000000000000    -0.000000000000000    -2.528231308421488
4 1
    -0.718956065590453     0.000000000000000    -0.000000000000000
     0.000000000000000    -0.422135783773892     0.000000000000000
     0.000000000000000     0.000000000000000    -0.422135783773892
4 2
     4.041982565686047    -0.000000000000000     0.000000000000000
    -0.000000000000000    -0.170162299580371    -0.000000000000000
    -0.000000000000000     0.000000000000000    -0.170162299580371
4 3
    -2.528231308421488     0.000000000000000    -0.000000000000000
     0.000000000000000     0.334451992542687    -0.000000000000000
    -0.000000000000000    -0.000000000000000    -2.528231308421488
4 4
     1.733436116747383    -0.000000000000000     0.000000000000000
    -0.000000000000000     2.786077399233065     0.000000000000000
     0.000000000000000     0.000000000000000     2.786077399233065
4 5
    -2.528231308421488     0.000000000000000     0.000000000000000
     0.000000000000000    -2.528231308421488     0.000000000000000
     0.000000000000000     0.000000000000000     0.334451992542686
5 1
    -0.422135783773892    -0.000000000000000    -0.000000000000000
    -0.000000000000000    -0.718956065590454     0.000000000000000
    -0.000000000000000     0.000000000000000    -0.422135783773892
5 2
    -0.170162299580371     0.000000000000000     0.000000000000000
     0.000000000000000     4.041982565686048    -0.000000000000000
     0.000000000000000     0.000000000000000    -0.170162299580371
5 3
     0.334451992542686    -0.000000000000000     0.000000000000000
    -0.000000000000000    -2.528231308421488    -0.000000000000000
     0.000000000000000    -0.000000000000000    -2.528231308421488
5 4
    -2.528231308421488     0.000000000000000     0.000000000000000
     0.000000000000000    -2.528231308421488     0.000000000000000
     0.000000000000000     0.000000000000000     0.334451992542686
5 5
     2.786077399233065     0.000000000000000    -0.000000000000000
     0.000000000000000     1.733436116747382     0.000000000000000
    -0.000000000000000     0.000000000000000     2.786077399233065