   1 0.00000000 -48.76868134 -48.75014488 -48.74965702 -48.74817864 -18.57826871 -18.55568754 -18.55158358 -18.33251401 -18.29361979 -18.27814470 -18.26684217 -18.26362166 -18.25199324 -18.16224726 -18.15366725 -18.15344450 -6.85452133 -5.48806200 -5.31863540 -5.25604614 -4.84120023 -4.75928519 -4.66076143 -4.53754125 5.71783213 5.76656275 5.90984952 6.56605912 6.70105841 6.76525138 7.98985352 8.04096441 8.10355857 8.13615974 8.58517546 8.92493926 8.98697530 9.34733447 9.37487125 9.64857046 9.86921779 10.02898539 10.14972346 10.24151654 10.50769448 11.01072683 11.13517630 11.30656345 16.20555308 16.45441861 16.62037651 17.01378104 17.09485411 17.19820604 17.21346834 17.28796118 17.53046482 18.02120337
   2 0.09527894 -48.76054261 -48.76042528 -48.74787143 -48.74775540 -18.45788794 -18.45778259 -18.44331682 -18.44323878 -18.35934859 -18.35929624 -18.26808625 -18.26801534 -18.20602124 -18.20596718 -18.20008542 -18.20001806 -6.05447998 -6.05429570 -5.18133099 -5.18112777 -4.92512289 -4.92492564 -4.75329801 -4.75311466 6.30605375 6.30616317 6.69262034 6.69271537 7.20137956 7.20149454 7.32256711 7.32262475 7.75503739 7.75517621 8.60726104 8.60734990 9.02873070 9.02882697 9.37648453 9.37662485 9.64349185 9.64358625 10.43111888 10.43119297 10.59074448 10.59085411 10.85404786 10.85420161 16.48642220 16.48649461 16.89754374 16.89756412 16.98778608 16.98781344 17.34727238 17.34734276 18.18053307 18.18060970
   3 0.23258289 -48.76310242 -48.75580133 -48.74924297 -48.74857350 -18.49045835 -18.46340208 -18.39778019 -18.39418689 -18.36250092 -18.33955874 -18.29562245 -18.27301226 -18.23674326 -18.22901070 -18.20434839 -18.18984251 -6.26836259 -5.45021441 -5.41065239 -5.25103507 -5.12387290 -4.85157534 -4.75250845 -4.68871194 6.01794102 6.07124983 6.74268830 6.83948876 6.84922107 7.05013577 7.23957321 7.39877325 7.91451930 8.19303218 8.61512727 8.62080955 8.76932489 8.96407371 9.58057450 9.58427832 9.87459496 9.94182779 10.20625477 10.40744094 10.41424783 10.76311575 11.13162190 11.14423918 15.91381152 16.18908096 16.29987301 16.78070367 16.92588567 17.50798202 17.68646263 17.84672013 18.15825748 18.38193010
   4 0.32786183 -48.75850624 -48.75842601 -48.74981782 -48.74973828 -18.48841684 -18.48840756 -18.40825369 -18.40825050 -18.38275595 -18.38269262 -18.25753550 -18.25745541 -18.22523379 -18.22520026 -18.17661021 -18.17660159 -5.91265934 -5.91247862 -5.25447394 -5.25440695 -5.02815176 -5.02808708 -4.73473981 -4.73455972 6.41265786 6.41278915 6.78222215 6.78230938 7.09311686 7.09321233 8.01185803 8.01196757 8.13306424 8.13311677 8.50491694 8.50502008 8.62321831 8.62335051 8.96613485 8.96622913 9.68423169 9.68439230 10.14334737 10.14344930 10.55530337 10.55547205 10.74329903 10.74336169 15.95683894 15.95686484 16.44296308 16.44301275 16.97354264 16.97357800 17.62433589 17.62435039 18.12560055 18.12562171
   5 0.47369563 -48.76572079 -48.75120043 -48.75004395 -48.74969366 -18.52776066 -18.52718083 -18.51677825 -18.37895234 -18.30543322 -18.28346477 -18.27879821 -18.26877339 -18.22774535 -18.19721692 -18.17663629 -18.16819841 -6.61244369 -5.44375683 -5.44156117 -5.27747576 -4.94201900 -4.73670300 -4.72473341 -4.57918218 5.84543014 6.00253242 6.28285198 6.63980204 6.88205347 7.24023424 7.57103451 7.67011481 7.88614906 8.25652046 8.30284907 8.87572089 8.99450707 9.15676807 9.41158372 9.61243790 9.73963061 9.85447018 10.17565389 10.24781581 10.44513600 10.95105559 11.05568020 11.16718367 16.03850528 16.37263853 16.46040610 16.87851957 17.14646540 17.25683002 17.30140029 17.40491572 18.11710121 18.35163175
   6 0.56897457 -48.75867737 -48.75855976 -48.74971218 -48.74959617 -18.46488511 -18.46482333 -18.43359543 -18.43356857 -18.36286672 -18.36282851 -18.26124075 -18.26119775 -18.22772635 -18.22771029 -18.18695335 -18.18691496 -5.93329169 -5.93310591 -5.31808670 -5.31789223 -4.89696507 -4.89677749 -4.78243695 -4.78225547 6.57595682 6.57599308 6.82550291 6.82553902 7.22161183 7.22173976 7.44691024 7.44698651 7.76629901 7.76637395 8.49214184 8.49222906 8.83710256 8.83716078 9.34361424 9.34370845 9.70695025 9.70704223 10.09732335 10.09743259 10.45387941 10.45394765 10.77958085 10.77969361 16.37356717 16.37362408 16.76787030 16.76790986 17.14881770 17.14886380 17.39766305 17.39775999 18.29397108 18.29404352
   7 0.70627852 -48.76096120 -48.75482739 -48.75069459 -48.75017160 -18.50189953 -18.44206085 -18.43456259 -18.42853511 -18.37991314 -18.34205198 -18.27385606 -18.26206830 -18.21514736 -18.21087257 -18.19701133 -18.19029259 -6.13419537 -5.42665796 -5.39923895 -5.33972784 -5.17422446 -4.94036652 -4.74021466 -4.68489832 6.12426449 6.38892600 6.73615895 6.90331280 7.01179124 7.17051648 7.20682287 7.57395644 8.06852802 8.09016797 8.54645240 8.62359895 8.75517977 9.10169763 9.45641082 9.52789930 9.75344797 9.89508919 9.99590257 10.08732065 10.39601693 10.40629103 11.03472076 11.06689600 15.97169751 16.10523189 16.13865538 16.57855630 16.71634030 17.65871180 17.66529097 17.80166198 17.84269965 18.22410683
   8 0.80155746 -48.75719897 -48.75711806 -48.75107979 -48.75100093 -18.54007343 -18.54004813 -18.49097891 -18.49094170 -18.28527766 -18.28524308 -18.22948915 -18.22943380 -18.20873611 -18.20866690 -18.18031318 -18.18028455 -5.88925763 -5.88910229 -5.50228257 -5.50220663 -4.84253377 -4.84249335 -4.69596352 -4.69582879 6.66512283 6.66519267 6.88720258 6.88724993 7.16487566 7.16498111 7.61432952 7.61434901 8.21507399 8.21514684 8.36945573 8.36951737 8.98951240 8.98952753 9.15174020 9.15180392 9.72381949 9.72385671 9.94840768 9.94851824 10.17676488 10.17687411 10.65436118 10.65440817 15.84481468 15.84484198 16.49156044 16.49160204 16.79040246 16.79045331 17.55146847 17.55150674 18.08236806 18.08238546
   9 0.94739126 -48.75854025 -48.75843872 -48.74989181 -48.74979297 -18.46279813 -18.46274236 -18.44088941 -18.44081725 -18.35862482 -18.35858421 -18.26908713 -18.26903174 -18.20654944 -18.20649784 -18.19828880 -18.19822264 -6.01411990 -6.01402525 -5.34714350 -5.34704582 -4.87013613 -4.87008316 -4.66759996 -4.66759507 6.15728956 6.15734110 6.91671563 6.91680457 7.14899078 7.14904220 7.50412483 7.50419822 7.70170866 7.70176748 8.67059036 8.67068594 8.75422871 8.75431044 9.40250129 9.40257252 9.45883107 9.45886934 10.30460060 10.30463644 10.87749695 10.87752267 11.01600682 11.01608504 15.92949367 15.92956082 16.58866927 16.58872134 17.32505063 17.32515015 17.43627476 17.43633815 18.67821396 18.67825532
  10 1.04267020 -48.75426617 -48.75411663 -48.75407283 -48.75402757 -18.45384245 -18.45381517 -18.45380019 -18.45379037 -18.31694341 -18.31680741 -18.31678101 -18.31674476 -18.19927552 -18.19927121 -18.19923690 -18.19920870 -5.63260092 -5.63233227 -5.63230633 -5.63224796 -4.84071945 -4.84051063 -4.84048663 -4.84037013 6.87553602 6.87568419 6.87569613 6.87574315 7.52122944 7.52135688 7.52140836 7.52142958 8.01377514 8.01385816 8.01390206 8.01393656 8.89683086 8.89690392 8.89694300 8.89696064 9.77098143 9.77107406 9.77109853 9.77114588 10.56958099 10.56970478 10.56976747 10.56985178 16.42631701 16.42633188 16.42639693 16.42644829 17.47039299 17.47044435 17.47047375 17.47049784 18.39624649 18.39626817
  11 1.17997415 -48.75586642 -48.75576393 -48.75252094 -48.75242257 -18.48939372 -18.48937681 -18.44665365 -18.44660630 -18.34342408 -18.34334220 -18.28417808 -18.28409668 -18.19794163 -18.19792633 -18.17855468 -18.17854055 -5.79679188 -5.79668654 -5.28953890 -5.28944731 -5.14552395 -5.14547644 -4.70814028 -4.70811628 6.44115733 6.44122078 6.88679184 6.88684001 7.29242663 7.29249069 7.49512864 7.49517063 8.02213820 8.02215668 8.46953442 8.46958047 9.06657301 9.06659898 9.43890010 9.43891661 9.61297381 9.61303088 9.84653149 9.84660138 10.25913077 10.25924683 10.93901050 10.93904862 15.85224405 15.85230289 16.19785147 16.19791332 17.33350808 17.33354883 17.66353133 17.66359873 17.89213995 17.89221381
  12 1.27525309 -48.75421541 -48.75406448 -48.75402085 -48.75397659 -18.55535860 -18.55533060 -18.55531029 -18.55528259 -18.21903958 -18.21900233 -18.21892848 -18.21892151 -18.19118082 -18.19115407 -18.19106778 -18.19105616 -5.76567056 -5.76547005 -5.76541173 -5.76539201 -4.69989070 -4.69977816 -4.69971261 -4.69962095 6.96233575 6.96238472 6.96243753 6.96245390 7.35142021 7.35148595 7.35151531 7.35156043 8.35282306 8.35288213 8.35291755 8.35298927 9.02729065 9.02733921 9.02736122 9.02738307 9.66756777 9.66763675 9.66766020 9.66771582 10.38887676 10.38893911 10.38900839 10.38901515 15.96188552 15.96190607 15.96193973 15.96195171 17.21288195 17.21291391 17.21301669 17.21302641 18.23786628 18.23789673
  13 1.42108689 -48.76572079 -48.75120043 -48.75004395 -48.74969366 -18.52776066 -18.52718083 -18.51677825 -18.37895234 -18.30543322 -18.28346477 -18.27879821 -18.26877339 -18.22774535 -18.19721692 -18.17663629 -18.16819841 -6.61244369 -5.44375683 -5.44156117 -5.27747576 -4.94201900 -4.73670300 -4.72473341 -4.57918218 5.84543014 6.00253242 6.28285198 6.63980204 6.88205347 7.24023424 7.57103451 7.67011481 7.88614906 8.25652046 8.30284907 8.87572089 8.99450707 9.15676807 9.41158372 9.61243790 9.73963061 9.85447018 10.17565389 10.24781581 10.44513600 10.95105559 11.05568020 11.16718367 16.03850528 16.37263853 16.46040610 16.87851957 17.14646540 17.25683002 17.30140029 17.40491572 18.11710121 18.35163175
  14 1.51636583 -48.75867737 -48.75855976 -48.74971218 -48.74959617 -18.46488511 -18.46482333 -18.43359543 -18.43356857 -18.36286672 -18.36282851 -18.26124075 -18.26119775 -18.22772635 -18.22771029 -18.18695335 -18.18691496 -5.93329169 -5.93310591 -5.31808670 -5.31789223 -4.89696507 -4.89677749 -4.78243695 -4.78225547 6.57595682 6.57599308 6.82550291 6.82553902 7.22161183 7.22173976 7.44691024 7.44698651 7.76629901 7.76637395 8.49214184 8.49222906 8.83710256 8.83716078 9.34361424 9.34370845 9.70695025 9.70704223 10.09732335 10.09743259 10.45387941 10.45394765 10.77958085 10.77969361 16.37356717 16.37362408 16.76787030 16.76790986 17.14881770 17.14886380 17.39766305 17.39775999 18.29397108 18.29404352
  15 1.65366977 -48.76096120 -48.75482739 -48.75069459 -48.75017160 -18.50189953 -18.44206085 -18.43456259 -18.42853511 -18.37991314 -18.34205198 -18.27385606 -18.26206830 -18.21514736 -18.21087257 -18.19701133 -18.19029259 -6.13419537 -5.42665796 -5.39923895 -5.33972784 -5.17422446 -4.94036652 -4.74021466 -4.68489832 6.12426449 6.38892600 6.73615895 6.90331280 7.01179124 7.17051648 7.20682287 7.57395644 8.06852802 8.09016797 8.54645240 8.62359895 8.75517977 9.10169763 9.45641082 9.52789930 9.75344797 9.89508919 9.99590257 10.08732065 10.39601693 10.40629103 11.03472076 11.06689600 15.97169751 16.10523189 16.13865538 16.57855630 16.71634030 17.65871180 17.66529097 17.80166198 17.84269965 18.22410683
  16 1.74894872 -48.75719897 -48.75711806 -48.75107979 -48.75100093 -18.54007343 -18.54004813 -18.49097891 -18.49094170 -18.28527766 -18.28524308 -18.22948915 -18.22943380 -18.20873611 -18.20866690 -18.18031318 -18.18028455 -5.88925763 -5.88910229 -5.50228257 -5.50220663 -4.84253377 -4.84249335 -4.69596352 -4.69582879 6.66512283 6.66519267 6.88720258 6.88724993 7.16487566 7.16498111 7.61432952 7.61434901 8.21507399 8.21514684 8.36945573 8.36951737 8.98951240 8.98952753 9.15174020 9.15180392 9.72381949 9.72385671 9.94840768 9.94851824 10.17676488 10.17687411 10.65436118 10.65440817 15.84481468 15.84484198 16.49156044 16.49160204 16.79040246 16.79045331 17.55146847 17.55150674 18.08236806 18.08238546
