   1 0.00000000 -49.75678068 -49.74269388 -49.74065711 -49.73769545 -19.58311824 -19.52676661 -19.51872404 -19.35397332 -19.33001917 -19.31879876 -19.30179949 -19.27389419 -19.23729589 -19.20555335 -19.17543782 -19.16603027 -7.54083546 -6.40030453 -6.16434545 -6.10908026 -5.99819904 -5.75709393 -5.67424644 -5.61616380 4.94893364 5.07133725 5.65949998 5.73636892 5.77519329 6.00645283 6.80765960 7.04206281 7.35040207 7.55891461 7.61382083 7.71418292 8.07451284 8.10981622 8.18911141 8.41607240 8.43020249 8.88061106 9.20013135 9.46786547 9.51207977 9.81808519 9.86581083 9.94849542 15.32770806 15.32802991 15.59445108 15.60915755 15.72508601 15.81843090 15.99150846 16.19903862 16.22117785 16.69024866
   2 0.09031671 -49.75104343 -49.75089402 -49.73798762 -49.73784144 -19.48930851 -19.48921008 -19.42345626 -19.42334825 -19.40246104 -19.40235875 -19.27666926 -19.27654358 -19.20718514 -19.20707994 -19.20370058 -19.20359862 -6.88270245 -6.88267695 -6.05311144 -6.05309918 -5.88570517 -5.88569567 -5.86242238 -5.86241573 5.82335944 5.82340289 5.85451307 5.85452655 6.20912981 6.20919632 6.60011246 6.60034134 7.01590052 7.01592176 7.49915245 7.49917652 8.02750211 8.02756526 8.24201124 8.24214587 8.57544009 8.57558015 9.07911112 9.07917332 9.18444722 9.18446836 9.78346277 9.78352388 15.38555517 15.38559384 15.74437450 15.74441817 16.04727790 16.04753248 16.34861485 16.34869625 16.80732838 16.80742311
   3 0.22476812 -49.75084492 -49.74870157 -49.73946239 -49.73890626 -19.47602904 -19.44063325 -19.43924092 -19.41612436 -19.36038053 -19.34803814 -19.29932956 -19.29620988 -19.24478592 -19.23837401 -19.23317559 -19.22748001 -6.81558595 -6.60701424 -6.11873584 -6.07447355 -6.05089248 -5.93360922 -5.90916469 -5.84302457 5.48401260 5.48407425 5.99031426 6.12007506 6.13988083 6.25071704 6.30636504 6.49110698 6.68004162 6.85642273 7.69398505 7.85709889 7.94374829 8.13398894 8.43690276 8.44526989 8.51746176 8.72446693 9.00375771 9.00565494 9.77368775 9.79067253 9.81016388 9.81034243 15.29740137 15.67776989 15.83986832 15.85615340 16.01814768 16.10710960 16.37089512 16.38845749 16.54629049 16.75150669
   4 0.31508483 -49.74949979 -49.74931987 -49.73952680 -49.73935212 -19.48869947 -19.48867288 -19.42719007 -19.42712374 -19.38574263 -19.38571533 -19.25645858 -19.25632936 -19.24946893 -19.24934804 -19.20036810 -19.20033632 -6.74786431 -6.74783102 -6.31468345 -6.31461501 -5.88504046 -5.88500185 -5.72377350 -5.72376224 5.54220062 5.54228467 5.84851484 5.84862855 6.30586579 6.30594315 7.10235479 7.10240585 7.23878510 7.23896280 7.46164241 7.46180324 7.78964794 7.78974042 7.85189103 7.85193028 8.92949407 8.92951962 9.03027091 9.03028916 9.24317891 9.24323878 9.59878127 9.59883342 15.56009312 15.56026880 15.72238987 15.72246707 16.08614973 16.08620273 16.14558602 16.14562549 16.76757816 16.76773525
   5 0.45804262 -49.75401745 -49.74241417 -49.74097096 -49.74047233 -19.53419481 -19.53237129 -19.48015538 -19.43621827 -19.30973300 -19.29373667 -19.28075026 -19.27665010 -19.24612133 -19.21242643 -19.20807121 -19.19163566 -7.30842676 -6.37075409 -6.31916959 -6.25182105 -5.88962791 -5.78386038 -5.71069651 -5.64107494 5.17486400 5.20731871 5.55807073 5.85877466 5.90476660 6.55402724 6.58590191 6.74784128 6.91129029 7.48745036 7.51916781 7.59224280 7.73020220 8.21684947 8.57618529 8.57899791 8.61100574 8.77529176 9.01974683 9.29304922 9.41374737 9.76906545 9.76928734 9.99462143 15.18700941 15.28032233 15.42024820 15.55349698 15.92478246 16.09693075 16.16627190 16.21493192 16.55313052 16.64500033
   6 0.54835933 -49.74915405 -49.74900326 -49.73990125 -49.73975641 -19.48882643 -19.48876537 -19.42260764 -19.42254871 -19.38352816 -19.38345105 -19.27143169 -19.27137877 -19.23577376 -19.23568368 -19.20411754 -19.20409079 -6.74684155 -6.74682072 -6.08956145 -6.08949550 -5.97281470 -5.97274193 -5.88306235 -5.88304744 5.81973872 5.81979651 5.99744602 5.99746195 6.33298301 6.33302850 6.61927048 6.61942016 7.12098460 7.12110579 7.47580210 7.47595882 7.72013052 7.72016452 8.29671959 8.29683282 8.61651828 8.61659835 8.81270825 8.81272050 9.26068285 9.26075579 9.67719365 9.67719826 15.32697555 15.32710086 15.60488658 15.60509947 16.27110525 16.27120838 16.37724909 16.37735030 16.89427143 16.89451015
   7 0.68281074 -49.74910592 -49.74734509 -49.74084939 -49.74061956 -19.49807221 -19.47404857 -19.45022226 -19.44115302 -19.37102179 -19.36624441 -19.27640175 -19.26661240 -19.24023058 -19.23431618 -19.20345918 -19.19648263 -6.72471292 -6.54688204 -6.24212193 -6.17276470 -6.03409688 -5.91647711 -5.89845384 -5.84227777 5.60010319 5.71140285 6.00810135 6.05307085 6.12949503 6.32381379 6.44279624 6.53581922 6.68951371 6.98816920 7.63697342 7.72572068 8.06588991 8.08799597 8.21427971 8.31527561 8.46094014 8.70685150 9.05067697 9.16353813 9.59432370 9.69399612 9.71539157 9.75646636 15.38227960 15.40389338 15.49514118 15.57674649 15.96866960 16.20777966 16.20894676 16.31591981 16.66907578 16.83913663
   8 0.77312745 -49.74805395 -49.74787368 -49.74099982 -49.74082715 -19.54200083 -19.54194648 -19.46993872 -19.46985445 -19.31934997 -19.31927149 -19.25741606 -19.25733709 -19.21350687 -19.21348261 -19.20341427 -19.20338004 -6.74304082 -6.74299857 -6.35983715 -6.35973843 -5.92902633 -5.92897833 -5.63927853 -5.63925335 5.64189767 5.64192526 6.02364699 6.02373864 6.18510812 6.18520918 6.77268337 6.77272061 7.15821282 7.15832594 7.54468904 7.54473388 8.05210840 8.05214482 8.38258755 8.38263983 8.74947526 8.74949824 8.87896157 8.87899101 9.14083167 9.14087908 9.46615420 9.46619692 15.35783691 15.35787940 15.47974108 15.47982201 16.08732008 16.08751756 16.24990645 16.25005368 16.61917174 16.61929667
   9 0.91608525 -49.74741152 -49.74715822 -49.74180116 -49.74155497 -19.51207533 -19.51200567 -19.41659832 -19.41642475 -19.37176199 -19.37157570 -19.24910421 -19.24904815 -19.22904598 -19.22890174 -19.22812129 -19.22795572 -6.74462945 -6.74452032 -6.37398207 -6.37395837 -5.91803057 -5.91797538 -5.60722295 -5.60720295 5.25210877 5.25218064 6.15201313 6.15207355 6.20501823 6.20512256 6.53206287 6.53222071 6.83851475 6.83862280 7.56285046 7.56296705 8.00741243 8.00744902 8.43114589 8.43120318 8.51020140 8.51026231 9.39357056 9.39373145 9.54974917 9.54977541 9.84134743 9.84137832 15.14203022 15.14227763 15.47305619 15.47333186 15.91577068 15.91594572 16.37530987 16.37554548 16.89902514 16.89925211
  10 1.00640196 -49.74472919 -49.74444809 -49.74437310 -49.74430708 -19.46295862 -19.46294064 -19.46284586 -19.46282526 -19.31357695 -19.31334858 -19.31325489 -19.31321539 -19.22867670 -19.22865266 -19.22855276 -19.22853147 -6.41256090 -6.41252619 -6.41247081 -6.41244003 -5.93752313 -5.93746064 -5.93743719 -5.93740557 6.01843551 6.01848304 6.01851706 6.01857575 6.44611960 6.44617313 6.44619602 6.44621003 7.34031317 7.34045260 7.34048844 7.34061283 7.99609876 7.99619511 7.99624138 7.99632890 8.57358525 8.57359847 8.57377171 8.57378473 9.42027002 9.42033863 9.42038580 9.42043955 15.42476559 15.42489641 15.42495716 15.42514162 16.41004426 16.41021402 16.41037567 16.41050065 17.16000482 17.16006094
  11 1.14085337 -49.74503383 -49.74476070 -49.74417549 -49.74394909 -19.49545939 -19.49542639 -19.48693425 -19.48691644 -19.32800631 -19.32779282 -19.31626204 -19.31606636 -19.19248377 -19.19244997 -19.18945211 -19.18942845 -6.49530774 -6.49523093 -6.38104992 -6.38098322 -5.95032346 -5.95022837 -5.87444696 -5.87442043 5.91318214 5.91320552 6.06079916 6.06085929 6.27237098 6.27248949 6.30774470 6.30786665 7.06808282 7.06812893 7.41006538 7.41010768 8.33820001 8.33828718 8.34453258 8.34460697 8.54669446 8.54681447 8.67922911 8.67933701 9.65375681 9.65390784 9.70538950 9.70543355 15.18860633 15.18873224 15.54363018 15.54378373 15.95482834 15.95505142 16.22768182 16.22782731 16.61811194 16.61827390
  12 1.23117007 -49.74470644 -49.74442218 -49.74435025 -49.74428106 -19.54267997 -19.54266620 -19.54266038 -19.54257091 -19.24961724 -19.24954242 -19.24942387 -19.24940044 -19.20954420 -19.20941233 -19.20939934 -19.20935368 -6.60686812 -6.60683346 -6.60679408 -6.60676796 -5.72919428 -5.72917356 -5.72913508 -5.72911382 5.91783691 5.91786746 5.91790841 5.91793648 6.31683017 6.31689046 6.31692400 6.31700247 7.59475863 7.59483745 7.59491503 7.59497854 8.13355566 8.13365994 8.13367016 8.13379370 8.85508585 8.85516651 8.85518927 8.85528187 9.21752210 9.21754729 9.21759515 9.21761096 15.22827256 15.22836056 15.22867225 15.22872045 16.19173266 16.19194456 16.19213185 16.19231663 16.55028292 16.55036584
  13 1.37412787 -49.75401745 -49.74241417 -49.74097096 -49.74047233 -19.53419481 -19.53237129 -19.48015538 -19.43621827 -19.30973300 -19.29373667 -19.28075026 -19.27665010 -19.24612133 -19.21242643 -19.20807121 -19.19163566 -7.30842676 -6.37075409 -6.31916959 -6.25182105 -5.88962791 -5.78386038 -5.71069651 -5.64107494 5.17486400 5.20731871 5.55807073 5.85877466 5.90476660 6.55402724 6.58590191 6.74784128 6.91129029 7.48745036 7.51916781 7.59224280 7.73020220 8.21684947 8.57618529 8.57899791 8.61100574 8.77529176 9.01974683 9.29304922 9.41374737 9.76906545 9.76928734 9.99462143 15.18700941 15.28032233 15.42024820 15.55349698 15.92478246 16.09693075 16.16627190 16.21493192 16.55313052 16.64500033
  14 1.46444458 -49.74915405 -49.74900326 -49.73990125 -49.73975641 -19.48882643 -19.48876537 -19.42260764 -19.42254871 -19.38352816 -19.38345105 -19.27143169 -19.27137877 -19.23577376 -19.23568368 -19.20411754 -19.20409079 -6.74684155 -6.74682072 -6.08956145 -6.08949550 -5.97281470 -5.97274193 -5.88306235 -5.88304744 5.81973872 5.81979651 5.99744602 5.99746195 6.33298301 6.33302850 6.61927048 6.61942016 7.12098460 7.12110579 7.47580210 7.47595882 7.72013052 7.72016452 8.29671959 8.29683282 8.61651828 8.61659835 8.81270825 8.81272050 9.26068285 9.26075579 9.67719365 9.67719826 15.32697555 15.32710086 15.60488658 15.60509947 16.27110525 16.27120838 16.37724909 16.37735030 16.89427143 16.89451015
  15 1.59889599 -49.74910592 -49.74734509 -49.74084939 -49.74061956 -19.49807221 -19.47404857 -19.45022226 -19.44115302 -19.37102179 -19.36624441 -19.27640175 -19.26661240 -19.24023058 -19.23431618 -19.20345918 -19.19648263 -6.72471292 -6.54688204 -6.24212193 -6.17276470 -6.03409688 -5.91647711 -5.89845384 -5.84227777 5.60010319 5.71140285 6.00810135 6.05307085 6.12949503 6.32381379 6.44279624 6.53581922 6.68951371 6.98816920 7.63697342 7.72572068 8.06588991 8.08799597 8.21427971 8.31527561 8.46094014 8.70685150 9.05067697 9.16353813 9.59432370 9.69399612 9.71539157 9.75646636 15.38227960 15.40389338 15.49514118 15.57674649 15.96866960 16.20777966 16.20894676 16.31591981 16.66907578 16.83913663
  16 1.68921270 -49.74805395 -49.74787368 -49.74099982 -49.74082715 -19.54200083 -19.54194648 -19.46993872 -19.46985445 -19.31934997 -19.31927149 -19.25741606 -19.25733709 -19.21350687 -19.21348261 -19.20341427 -19.20338004 -6.74304082 -6.74299857 -6.35983715 -6.35973843 -5.92902633 -5.92897833 -5.63927853 -5.63925335 5.64189767 5.64192526 6.02364699 6.02373864 6.18510812 6.18520918 6.77268337 6.77272061 7.15821282 7.15832594 7.54468904 7.54473388 8.05210840 8.05214482 8.38258755 8.38263983 8.74947526 8.74949824 8.87896157 8.87899101 9.14083167 9.14087908 9.46615420 9.46619692 15.35783691 15.35787940 15.47974108 15.47982201 16.08732008 16.08751756 16.24990645 16.25005368 16.61917174 16.61929667
