   1 0.00000000 -48.84459827 -48.82697514 -48.82610586 -48.82564151 -18.62731108 -18.61407093 -18.61157971 -18.39918567 -18.34195516 -18.33636436 -18.33236167 -18.32978271 -18.31137501 -18.22822891 -18.21991751 -18.21897650 -6.84045727 -5.47330577 -5.34254387 -5.33040072 -4.82371418 -4.74401015 -4.70556723 -4.31029783 5.65516928 5.68475936 5.74839930 6.52697436 6.56581349 6.61507119 8.03839001 8.13649474 8.15497748 8.17146914 8.52728989 8.74384423 8.94789749 9.14662355 9.53964223 9.86986859 10.04637856 10.29015886 10.52904460 10.57862298 10.64798020 10.99524513 11.04071655 11.44637153 16.18064863 16.24667361 16.42266330 16.82732643 16.88380578 17.01561998 17.09144373 17.10801162 17.38176787 17.68886356
   2 0.09632927 -48.83641322 -48.83638173 -48.82531182 -48.82527965 -18.50501655 -18.50499010 -18.49070953 -18.49069459 -18.42169991 -18.42167355 -18.33963108 -18.33959520 -18.27824399 -18.27822931 -18.26500398 -18.26497543 -6.01099751 -6.01086751 -5.19205399 -5.19189120 -4.94846136 -4.94836613 -4.71477630 -4.71463341 6.35754182 6.35769334 6.66362869 6.66366510 7.09448028 7.09448883 7.37093131 7.37102126 7.75074085 7.75083919 8.53880573 8.53888201 8.89000371 8.89020691 9.42067050 9.42069817 9.79035625 9.79039860 10.59136262 10.59138290 10.75841220 10.75863140 10.90627137 10.90633040 16.42229712 16.42244184 16.74545977 16.74547672 16.88750110 16.88753198 17.22915482 17.22916287 17.85805901 17.85819052
   3 0.23383337 -48.83899220 -48.83267441 -48.82603457 -48.82572463 -18.53745092 -18.51768805 -18.45961902 -18.45412776 -18.42683151 -18.40306396 -18.35376833 -18.33902206 -18.29439225 -18.28978554 -18.26888669 -18.25852873 -6.24342048 -5.54234043 -5.32732163 -5.25023592 -5.09918304 -4.83433493 -4.78089867 -4.64383741 6.11567720 6.20765729 6.72361990 6.82532085 6.91166775 7.21477146 7.22916117 7.38152587 7.65658850 8.19194072 8.58404544 8.61528277 8.69673657 8.84265558 9.41861853 9.69920380 9.86349200 9.88208019 10.38521370 10.47325651 10.58552758 10.77296510 11.15811717 11.22881767 15.99647753 16.16127243 16.29889493 16.59356524 16.90739603 17.43182726 17.53927018 17.75114715 17.83967345 18.07337860
   4 0.33016264 -48.83446191 -48.83442878 -48.82721410 -48.82718264 -18.53366576 -18.53363799 -18.47471442 -18.47469532 -18.43718945 -18.43716651 -18.32608397 -18.32605070 -18.28575183 -18.28571536 -18.24559513 -18.24556862 -5.85475622 -5.85458503 -5.26540819 -5.26526575 -5.05363751 -5.05345210 -4.72942321 -4.72925294 6.51549295 6.51565089 6.89778037 6.89780666 7.09107904 7.09109165 7.97418079 7.97431823 8.17688830 8.17695870 8.34177896 8.34188362 8.76316496 8.76329021 9.03494155 9.03504637 9.61136250 9.61142298 10.12465532 10.12468310 10.57318494 10.57321808 10.70764745 10.70775120 15.76069134 15.76074811 16.41224226 16.41226314 16.97628433 16.97640768 17.48674997 17.48677178 17.95835163 17.95841974
   5 0.47609606 -48.84185994 -48.82842840 -48.82683288 -48.82621210 -18.58465422 -18.57698656 -18.57350843 -18.43225580 -18.37352897 -18.33871346 -18.33611998 -18.33337036 -18.29486794 -18.26546045 -18.24162139 -18.23482278 -6.59897426 -5.44158704 -5.39176280 -5.29973162 -4.95970013 -4.76954541 -4.75051330 -4.43621237 5.81339381 5.96081711 6.22615803 6.61912228 6.76086844 7.12345512 7.63959401 7.64034738 7.86348851 8.20179233 8.31144828 8.78815097 8.94511495 9.27711444 9.60445832 9.66662183 9.77896410 10.01187640 10.37830060 10.44770080 10.59162007 10.99230509 11.00688583 11.31451230 16.12714538 16.23355805 16.30058359 16.75381470 16.99909969 17.08841885 17.11758572 17.29458558 17.62680065 18.04072464
   6 0.57242532 -48.83477456 -48.83474296 -48.82691690 -48.82688486 -18.51681941 -18.51680348 -18.48393337 -18.48391008 -18.42572807 -18.42571793 -18.32624099 -18.32621679 -18.29520191 -18.29517817 -18.25407915 -18.25406345 -5.89782856 -5.89769570 -5.31632416 -5.31616737 -4.92216416 -4.92206639 -4.75313238 -4.75300090 6.61835985 6.61840763 6.84922486 6.84929456 7.15980545 7.15984385 7.40406827 7.40412537 7.78080903 7.78086411 8.43549684 8.43551551 8.91213511 8.91215998 9.28218490 9.28228010 9.82104122 9.82111180 10.15214327 10.15231749 10.55679843 10.55685903 10.87870262 10.87877969 16.25366696 16.25374117 16.57326295 16.57335427 17.14121402 17.14123238 17.28260894 17.28263463 17.99173987 17.99174607
   7 0.70992943 -48.83703825 -48.83168688 -48.82765413 -48.82697458 -18.54405102 -18.49531473 -18.48206465 -18.48194786 -18.43688437 -18.41406629 -18.33758347 -18.32858326 -18.28306106 -18.27867231 -18.26400789 -18.25930670 -6.11113571 -5.45324730 -5.41806483 -5.28941936 -5.14375247 -4.93890729 -4.76006076 -4.65553694 6.26140660 6.44998445 6.74711172 6.99940409 7.02128436 7.23588537 7.34535381 7.56200702 7.84048608 8.07946161 8.44617812 8.60591415 8.73288140 8.99738926 9.39059696 9.48133268 9.75145263 9.83129512 10.10096296 10.19375891 10.40837080 10.50067337 11.08014711 11.10755808 15.93807628 15.98080176 16.11934938 16.47673535 16.93955527 17.51294729 17.61372293 17.63578799 17.71127233 17.86175064
   8 0.80625870 -48.83335906 -48.83332626 -48.82825781 -48.82822608 -18.58750397 -18.58749110 -18.55087569 -18.55085947 -18.34601994 -18.34601251 -18.29058594 -18.29056939 -18.27637720 -18.27635247 -18.24723861 -18.24721682 -5.85580275 -5.85563242 -5.53276830 -5.53260771 -4.82556334 -4.82539349 -4.68366294 -4.68349398 6.69410225 6.69421121 7.02486852 7.02490543 7.14988745 7.14990242 7.57716898 7.57723039 8.26217048 8.26228509 8.42472158 8.42476840 8.99351121 8.99354725 9.19655770 9.19660463 9.61960815 9.61968049 10.00233727 10.00236010 10.23924876 10.23936771 10.54605009 10.54611032 15.72363229 15.72368658 16.35316292 16.35326920 16.77253562 16.77258290 17.38688326 17.38689949 18.00129124 18.00132930
   9 0.95219211 -48.83520983 -48.83514613 -48.82652957 -48.82648323 -18.51125218 -18.51122020 -18.49428296 -18.49426128 -18.42254224 -18.42252927 -18.33343888 -18.33342268 -18.27133450 -18.27129387 -18.26751689 -18.26748286 -5.99970048 -5.99959651 -5.28026511 -5.28016917 -4.91277215 -4.91266937 -4.66892951 -4.66886589 6.25707947 6.25713882 6.85102986 6.85112959 7.05368190 7.05375354 7.49535583 7.49545233 7.75447569 7.75454096 8.55234009 8.55244443 8.71597913 8.71608233 9.45271624 9.45281772 9.59694899 9.59696034 10.46466899 10.46467950 10.90238497 10.90249236 11.10125402 11.10129450 15.99946225 15.99956814 16.48363450 16.48365082 17.13824430 17.13830646 17.29759892 17.29762734 18.17509692 18.17517870
  10 1.04852138 -48.83084140 -48.83081969 -48.83081904 -48.83077805 -18.50976013 -18.50974726 -18.50974058 -18.50972541 -18.37746721 -18.37743635 -18.37740955 -18.37738507 -18.26467355 -18.26465750 -18.26465399 -18.26464645 -5.61444429 -5.61431714 -5.61427299 -5.61419626 -4.84136288 -4.84127205 -4.84123850 -4.84115698 6.88217557 6.88222397 6.88225671 6.88230366 7.52341428 7.52347931 7.52356742 7.52358972 8.05775116 8.05781380 8.05782967 8.05788325 8.87526798 8.87529733 8.87534081 8.87536251 9.80522819 9.80531364 9.80532878 9.80540009 10.65062491 10.65070124 10.65072051 10.65079964 16.25410648 16.25411459 16.25415409 16.25418425 17.40179023 17.40181061 17.40183219 17.40186354 18.08965682 18.08967212
  11 1.18602549 -48.83236238 -48.83230196 -48.82933113 -48.82927728 -18.52937585 -18.52936926 -18.49569530 -18.49567132 -18.40315116 -18.40312411 -18.35671314 -18.35666230 -18.26802615 -18.26802200 -18.25107172 -18.25105562 -5.77914625 -5.77904197 -5.26472705 -5.26468922 -5.15854591 -5.15851598 -4.70585702 -4.70578876 6.53518020 6.53527786 6.95142127 6.95150689 7.34560218 7.34571069 7.55220228 7.55223548 8.10355410 8.10363392 8.34600013 8.34606721 8.88376765 8.88378303 9.33503016 9.33505810 9.65471446 9.65476269 9.87214720 9.87218635 10.31601175 10.31607592 10.95694379 10.95697164 15.75781721 15.75783490 16.18328573 16.18336045 17.47539726 17.47547191 17.51451922 17.51455402 17.69747980 17.69754390
  12 1.28235475 -48.83078521 -48.83076587 -48.83076502 -48.83072093 -18.60804379 -18.60803134 -18.60801543 -18.60800822 -18.28577183 -18.28575207 -18.28573608 -18.28572759 -18.25337342 -18.25333368 -18.25333305 -18.25331041 -5.77506656 -5.77498137 -5.77486288 -5.77482252 -4.67143188 -4.67138624 -4.67126055 -4.67122437 6.95508736 6.95512067 6.95514704 6.95517368 7.37525209 7.37532306 7.37534046 7.37538508 8.44797406 8.44800696 8.44810931 8.44812731 9.07535864 9.07537390 9.07545597 9.07546825 9.66105693 9.66106849 9.66111340 9.66113308 10.32698454 10.32703734 10.32710262 10.32714678 15.84067973 15.84070721 15.84075548 15.84077356 17.11459114 17.11464505 17.11466778 17.11473323 18.08979947 18.08982532
  13 1.42828817 -48.84185994 -48.82842840 -48.82683288 -48.82621210 -18.58465422 -18.57698656 -18.57350843 -18.43225580 -18.37352897 -18.33871346 -18.33611998 -18.33337036 -18.29486794 -18.26546045 -18.24162139 -18.23482278 -6.59897426 -5.44158704 -5.39176280 -5.29973162 -4.95970013 -4.76954541 -4.75051330 -4.43621237 5.81339381 5.96081711 6.22615803 6.61912228 6.76086844 7.12345512 7.63959401 7.64034738 7.86348851 8.20179233 8.31144828 8.78815097 8.94511495 9.27711444 9.60445832 9.66662183 9.77896410 10.01187640 10.37830060 10.44770080 10.59162007 10.99230509 11.00688583 11.31451230 16.12714538 16.23355805 16.30058359 16.75381470 16.99909969 17.08841885 17.11758572 17.29458558 17.62680065 18.04072464
  14 1.52461744 -48.83477456 -48.83474296 -48.82691690 -48.82688486 -18.51681941 -18.51680348 -18.48393337 -18.48391008 -18.42572807 -18.42571793 -18.32624099 -18.32621679 -18.29520191 -18.29517817 -18.25407915 -18.25406345 -5.89782856 -5.89769570 -5.31632416 -5.31616737 -4.92216416 -4.92206639 -4.75313238 -4.75300090 6.61835985 6.61840763 6.84922486 6.84929456 7.15980545 7.15984385 7.40406827 7.40412537 7.78080903 7.78086411 8.43549684 8.43551551 8.91213511 8.91215998 9.28218490 9.28228010 9.82104122 9.82111180 10.15214327 10.15231749 10.55679843 10.55685903 10.87870262 10.87877969 16.25366696 16.25374117 16.57326295 16.57335427 17.14121402 17.14123238 17.28260894 17.28263463 17.99173987 17.99174607
  15 1.66212154 -48.83703825 -48.83168688 -48.82765413 -48.82697458 -18.54405102 -18.49531473 -18.48206465 -18.48194786 -18.43688437 -18.41406629 -18.33758347 -18.32858326 -18.28306106 -18.27867231 -18.26400789 -18.25930670 -6.11113571 -5.45324730 -5.41806483 -5.28941936 -5.14375247 -4.93890729 -4.76006076 -4.65553694 6.26140660 6.44998445 6.74711172 6.99940409 7.02128436 7.23588537 7.34535381 7.56200702 7.84048608 8.07946161 8.44617812 8.60591415 8.73288140 8.99738926 9.39059696 9.48133268 9.75145263 9.83129512 10.10096296 10.19375891 10.40837080 10.50067337 11.08014711 11.10755808 15.93807628 15.98080176 16.11934938 16.47673535 16.93955527 17.51294729 17.61372293 17.63578799 17.71127233 17.86175064
  16 1.75845081 -48.83335906 -48.83332626 -48.82825781 -48.82822608 -18.58750397 -18.58749110 -18.55087569 -18.55085947 -18.34601994 -18.34601251 -18.29058594 -18.29056939 -18.27637720 -18.27635247 -18.24723861 -18.24721682 -5.85580275 -5.85563242 -5.53276830 -5.53260771 -4.82556334 -4.82539349 -4.68366294 -4.68349398 6.69410225 6.69421121 7.02486852 7.02490543 7.14988745 7.14990242 7.57716898 7.57723039 8.26217048 8.26228509 8.42472158 8.42476840 8.99351121 8.99354725 9.19655770 9.19660463 9.61960815 9.61968049 10.00233727 10.00236010 10.23924876 10.23936771 10.54605009 10.54611032 15.72363229 15.72368658 16.35316292 16.35326920 16.77253562 16.77258290 17.38688326 17.38689949 18.00129124 18.00132930
