   1 0.00000000 -48.84896355 -48.83082504 -48.83077296 -48.82873697 -18.65970844 -18.63583489 -18.62927668 -18.41712346 -18.38406728 -18.36081962 -18.34839436 -18.34579131 -18.33805641 -18.24534827 -18.24148604 -18.23765959 -6.91039422 -5.53618768 -5.39422034 -5.30480975 -4.91932266 -4.87732580 -4.74769479 -4.66324071 5.65404947 5.71055595 5.90187134 6.48778276 6.66162501 6.69788641 7.90409481 7.93933437 8.04232100 8.08899579 8.51764420 8.82658556 8.88635037 9.29419082 9.34201929 9.51901675 9.74647245 9.88192492 9.99693518 10.08447520 10.42157128 10.91795813 11.03612530 11.18117001 16.14670822 16.39325455 16.59872019 16.91650983 16.95653640 17.05272193 17.17308104 17.19504600 17.45827806 18.00789909
   2 0.09469042 -48.84123939 -48.84115966 -48.82863339 -48.82855321 -18.54322920 -18.54316838 -18.52636297 -18.52632313 -18.44497965 -18.44493112 -18.34964894 -18.34958830 -18.28692142 -18.28689582 -18.28339386 -18.28335561 -6.12725073 -6.12723240 -5.23773368 -5.23772605 -5.00622027 -5.00616311 -4.85965843 -4.85959215 6.27284251 6.27285520 6.61831446 6.61833685 7.14277498 7.14285801 7.25453900 7.25458438 7.71072779 7.71076345 8.51613467 8.51619151 8.94818335 8.94820685 9.25146706 9.25152217 9.53201117 9.53206399 10.26826783 10.26831575 10.46758581 10.46761701 10.77741099 10.77743997 16.41347213 16.41354783 16.85978555 16.85982871 16.89612788 16.89615754 17.31615642 17.31618991 18.10214583 18.10218896
   3 0.23164727 -48.84328067 -48.83658325 -48.83015074 -48.82930595 -18.56960266 -18.54291874 -18.47736563 -18.47656080 -18.44881431 -18.42323277 -18.38008165 -18.35823412 -18.32178436 -18.31340915 -18.29093123 -18.27493426 -6.30989972 -5.55362618 -5.46407162 -5.31371817 -5.18623718 -4.94905225 -4.86172953 -4.79014675 5.97514711 6.00549512 6.71718367 6.75910921 6.78264671 6.97516126 7.15560599 7.29192720 7.85136088 8.05731476 8.51375229 8.54833437 8.72186646 8.88339965 9.47236754 9.50581319 9.80771639 9.85197696 10.08502039 10.28351836 10.36758472 10.68566594 11.00251623 11.02728002 15.82929768 16.16908585 16.25581877 16.74796642 16.83480133 17.37847941 17.59546409 17.78112118 18.06471944 18.17044508
   4 0.32633769 -48.83911433 -48.83906010 -48.83064158 -48.83058723 -18.57045674 -18.57044261 -18.48964651 -18.48962673 -18.46290397 -18.46286072 -18.34291542 -18.34287276 -18.31120312 -18.31118590 -18.26198802 -18.26197235 -5.97916177 -5.97915124 -5.33911189 -5.33907407 -5.09646059 -5.09640223 -4.82781922 -4.82775209 6.35975015 6.35975475 6.68622639 6.68623273 7.02881960 7.02888008 7.90459376 7.90465234 8.06494880 8.06499742 8.46845651 8.46850382 8.52567855 8.52571641 8.85976225 8.85980307 9.60948703 9.60952682 10.03237224 10.03243066 10.43606695 10.43608045 10.66196030 10.66199941 15.98540629 15.98545122 16.36792983 16.36795531 16.88986740 16.88991111 17.49966999 17.49967502 18.04341399 18.04343949
   5 0.47185027 -48.84603707 -48.83171508 -48.83078176 -48.83072770 -18.60880889 -18.60788424 -18.59677922 -18.46398339 -18.38484047 -18.37084036 -18.36318621 -18.35324444 -18.31122118 -18.28169875 -18.26054888 -18.25546925 -6.66870897 -5.50673894 -5.50380052 -5.34184775 -5.03086031 -4.83967606 -4.81268197 -4.68562542 5.79659450 5.93407351 6.22388652 6.57321512 6.81336648 7.21603842 7.46998167 7.59897668 7.81808172 8.17171958 8.23799719 8.75669922 8.86990290 9.07462961 9.37965922 9.53691941 9.64355437 9.75199985 10.09875696 10.10010588 10.31886819 10.83769481 10.95907536 11.04991893 15.99159095 16.32631596 16.38758699 16.77546157 17.05672251 17.17889062 17.20847231 17.31209019 17.99282721 18.30441591
   6 0.56654070 -48.83937160 -48.83929187 -48.83045390 -48.83037364 -18.54734571 -18.54731222 -18.51509394 -18.51507533 -18.44824720 -18.44823761 -18.34321310 -18.34320060 -18.31265143 -18.31262505 -18.27082913 -18.27081550 -6.00281991 -6.00280339 -5.37492913 -5.37489675 -4.98118905 -4.98112831 -4.88719558 -4.88713025 6.51429300 6.51436292 6.75565584 6.75567914 7.15687192 7.15691271 7.38361920 7.38369403 7.73197829 7.73209974 8.41339627 8.41349296 8.72505109 8.72519208 9.22171426 9.22177111 9.61222917 9.61228047 9.99085792 9.99096741 10.33144730 10.33149566 10.67769546 10.67775394 16.32931057 16.32937632 16.69722066 16.69727097 17.09177404 17.09204828 17.31863573 17.31897430 18.18863873 18.18869346
   7 0.70349754 -48.84121710 -48.83560896 -48.83134236 -48.83105424 -18.58392903 -18.52397017 -18.51875467 -18.51351391 -18.46363881 -18.42475569 -18.35839354 -18.34439371 -18.29761276 -18.29548189 -18.28012303 -18.27445318 -6.17923819 -5.51025537 -5.48693407 -5.38613311 -5.24830747 -5.02580939 -4.84807518 -4.78693755 6.06866154 6.34161632 6.67129074 6.80831657 6.97934641 7.09985088 7.10820556 7.46490908 7.95782175 8.02428020 8.48036253 8.57182884 8.64752976 9.01324868 9.36092745 9.44965286 9.65105828 9.78673298 9.96124530 9.98449889 10.32987242 10.33828365 10.91506864 10.94789577 15.93074315 16.03519858 16.10419161 16.55140720 16.57788700 17.52971841 17.58197550 17.69894784 17.74060790 18.07279599
   8 0.79818796 -48.83783164 -48.83777761 -48.83186264 -48.83180810 -18.62178172 -18.62175883 -18.57013416 -18.57010642 -18.36894392 -18.36893526 -18.31616732 -18.31612359 -18.29282682 -18.29278360 -18.26545679 -18.26542700 -5.95432854 -5.95431651 -5.56766097 -5.56760053 -4.93614371 -4.93610196 -4.78625648 -4.78617939 6.61012769 6.61016982 6.78996785 6.78997922 7.09827840 7.09835946 7.53014866 7.53025372 8.12512062 8.12518670 8.28526188 8.28530785 8.90502665 8.90505411 9.10949269 9.10967018 9.65303514 9.65312868 9.82607257 9.82610721 10.06933277 10.06940864 10.56877914 10.56882722 15.82804649 15.82810496 16.42738783 16.42744082 16.70362115 16.70379258 17.44420316 17.44439288 17.97633374 17.97640794
   9 0.94370054 -48.83893293 -48.83887684 -48.83074731 -48.83069389 -18.54684552 -18.54681263 -18.52102468 -18.52098308 -18.44093970 -18.44092132 -18.35208405 -18.35203179 -18.29149371 -18.29147494 -18.28436715 -18.28434687 -6.07133277 -6.07130049 -5.42558941 -5.42553185 -4.96067329 -4.96063810 -4.75492335 -4.75484450 6.07992262 6.07998333 6.86559144 6.86562949 7.09226617 7.09229051 7.38689215 7.38705383 7.61205622 7.61210546 8.64897584 8.64910619 8.65373621 8.65395233 9.34617836 9.34622722 9.35860985 9.35875392 10.19809842 10.19816775 10.75774401 10.75782770 10.90966052 10.90978530 15.88000210 15.88018958 16.51497253 16.51524541 17.22206378 17.22229465 17.35948223 17.35951837 18.59455709 18.59472043
  10 1.03839097 -48.83490252 -48.83489940 -48.83484429 -48.83476602 -18.53388828 -18.53387738 -18.53385708 -18.53385095 -18.40118054 -18.40116964 -18.40115709 -18.40108028 -18.28513219 -18.28509711 -18.28507566 -18.28506403 -5.69464844 -5.69461552 -5.69458930 -5.69454132 -4.93554313 -4.93546896 -4.93544998 -4.93543359 6.80463188 6.80463880 6.80464725 6.80467093 7.41822733 7.41824811 7.41831133 7.41834278 7.98788544 7.98792706 7.98813900 7.98818610 8.80849072 8.80850690 8.80866996 8.80868482 9.66446415 9.66449514 9.66467748 9.66468840 10.45504206 10.45511219 10.45517214 10.45520221 16.38309810 16.38313227 16.38332359 16.38336315 17.38076029 17.38077405 17.38107538 17.38110455 18.31412734 18.31414025
  11 1.17534781 -48.83629043 -48.83623537 -48.83332344 -48.83326779 -18.57430330 -18.57427166 -18.53272038 -18.53267403 -18.42564954 -18.42560940 -18.36691852 -18.36691009 -18.28008988 -18.28007337 -18.26045382 -18.26043123 -5.84979935 -5.84976617 -5.38766167 -5.38755233 -5.20611444 -5.20594030 -4.81293552 -4.81286077 6.38982510 6.38985906 6.80465413 6.80475193 7.22537696 7.22557853 7.39276404 7.39284952 7.92805637 7.92818570 8.40434971 8.40446265 9.02892604 9.02906566 9.34468256 9.34478700 9.50754754 9.50766632 9.74853929 9.74875548 10.20874037 10.20896228 10.82853406 10.82864055 15.79942380 15.79970441 16.16172298 16.16206103 17.17889933 17.17906571 17.57267526 17.57270896 17.74768169 17.74782368
  12 1.27003823 -48.83483780 -48.83483514 -48.83478042 -48.83470098 -18.63560999 -18.63558820 -18.63558052 -18.63556528 -18.30461788 -18.30461048 -18.30457535 -18.30454654 -18.27559951 -18.27556766 -18.27550797 -18.27549660 -5.82764782 -5.82762054 -5.82758514 -5.82752108 -4.79580943 -4.79576348 -4.79572566 -4.79570396 6.89948143 6.89950509 6.89955643 6.89955873 7.24441946 7.24444683 7.24464506 7.24466737 8.29619990 8.29621938 8.29649775 8.29653141 8.94370511 8.94375781 8.94384658 8.94385605 9.59271153 9.59275333 9.59281587 9.59284334 10.29016726 10.29018382 10.29022343 10.29027005 15.90790070 15.90795275 15.90818986 15.90824682 17.11622440 17.11630181 17.11651541 17.11657045 18.11618849 18.11623369
  13 1.41555081 -48.84603707 -48.83171508 -48.83078176 -48.83072770 -18.60880889 -18.60788424 -18.59677922 -18.46398339 -18.38484047 -18.37084036 -18.36318621 -18.35324444 -18.31122118 -18.28169875 -18.26054888 -18.25546925 -6.66870897 -5.50673894 -5.50380052 -5.34184775 -5.03086031 -4.83967606 -4.81268197 -4.68562542 5.79659450 5.93407351 6.22388652 6.57321512 6.81336648 7.21603842 7.46998167 7.59897668 7.81808172 8.17171958 8.23799719 8.75669922 8.86990290 9.07462961 9.37965922 9.53691941 9.64355437 9.75199985 10.09875696 10.10010588 10.31886819 10.83769481 10.95907536 11.04991893 15.99159095 16.32631596 16.38758699 16.77546157 17.05672251 17.17889062 17.20847231 17.31209019 17.99282721 18.30441591
  14 1.51024124 -48.83937160 -48.83929187 -48.83045390 -48.83037364 -18.54734571 -18.54731222 -18.51509394 -18.51507533 -18.44824720 -18.44823761 -18.34321310 -18.34320060 -18.31265143 -18.31262505 -18.27082913 -18.27081550 -6.00281991 -6.00280339 -5.37492913 -5.37489675 -4.98118905 -4.98112831 -4.88719558 -4.88713025 6.51429300 6.51436292 6.75565584 6.75567914 7.15687192 7.15691271 7.38361920 7.38369403 7.73197829 7.73209974 8.41339627 8.41349296 8.72505109 8.72519208 9.22171426 9.22177111 9.61222917 9.61228047 9.99085792 9.99096741 10.33144730 10.33149566 10.67769546 10.67775394 16.32931057 16.32937632 16.69722066 16.69727097 17.09177404 17.09204828 17.31863573 17.31897430 18.18863873 18.18869346
  15 1.64719808 -48.84121710 -48.83560896 -48.83134236 -48.83105424 -18.58392903 -18.52397017 -18.51875467 -18.51351391 -18.46363881 -18.42475569 -18.35839354 -18.34439371 -18.29761276 -18.29548189 -18.28012303 -18.27445318 -6.17923819 -5.51025537 -5.48693407 -5.38613311 -5.24830747 -5.02580939 -4.84807518 -4.78693755 6.06866154 6.34161632 6.67129074 6.80831657 6.97934641 7.09985088 7.10820556 7.46490908 7.95782175 8.02428020 8.48036253 8.57182884 8.64752976 9.01324868 9.36092745 9.44965286 9.65105828 9.78673298 9.96124530 9.98449889 10.32987242 10.33828365 10.91506864 10.94789577 15.93074315 16.03519858 16.10419161 16.55140720 16.57788700 17.52971841 17.58197550 17.69894784 17.74060790 18.07279599
  16 1.74188850 -48.83783164 -48.83777761 -48.83186264 -48.83180810 -18.62178172 -18.62175883 -18.57013416 -18.57010642 -18.36894392 -18.36893526 -18.31616732 -18.31612359 -18.29282682 -18.29278360 -18.26545679 -18.26542700 -5.95432854 -5.95431651 -5.56766097 -5.56760053 -4.93614371 -4.93610196 -4.78625648 -4.78617939 6.61012769 6.61016982 6.78996785 6.78997922 7.09827840 7.09835946 7.53014866 7.53025372 8.12512062 8.12518670 8.28526188 8.28530785 8.90502665 8.90505411 9.10949269 9.10967018 9.65303514 9.65312868 9.82607257 9.82610721 10.06933277 10.06940864 10.56877914 10.56882722 15.82804649 15.82810496 16.42738783 16.42744082 16.70362115 16.70379258 17.44420316 17.44439288 17.97633374 17.97640794
