   1 0.00000000 -48.84896355 -48.83082504 -48.83077296 -48.82873697 -18.65970844 -18.63583489 -18.62927668 -18.41712346 -18.38406728 -18.36081962 -18.34839436 -18.34579131 -18.33805641 -18.24534827 -18.24148604 -18.23765959 -6.91039422 -5.53618768 -5.39422034 -5.30480975 -4.91932266 -4.87732580 -4.74769479 -4.66324071 5.65404947 5.71055595 5.90187134 6.48778276 6.66162501 6.69788641 7.90409481 7.93933437 8.04232100 8.08899579 8.51764420 8.82658556 8.88635037 9.29419082 9.34201929 9.51901675 9.74647245 9.88192492 9.99693518 10.08447520 10.42157128 10.91795813 11.03612530 11.18117001 16.14670822 16.39325455 16.59872019 16.91650983 16.95653640 17.05272193 17.17308104 17.19504600 17.45827806 18.00789909
   2 0.09469042 -48.84123939 -48.84115966 -48.82863339 -48.82855321 -18.54322920 -18.54316838 -18.52636297 -18.52632313 -18.44497965 -18.44493112 -18.34964894 -18.34958830 -18.28692142 -18.28689582 -18.28339386 -18.28335561 -6.12725073 -6.12723240 -5.23773368 -5.23772605 -5.00622027 -5.00616311 -4.85965843 -4.85959215 6.27284251 6.27285520 6.61831446 6.61833685 7.14277498 7.14285801 7.25453900 7.25458438 7.71072779 7.71076345 8.51613467 8.51619151 8.94818335 8.94820685 9.25146706 9.25152217 9.53201117 9.53206399 10.26826783 10.26831575 10.46758581 10.46761701 10.77741099 10.77743997 16.41347213 16.41354783 16.85978555 16.85982871 16.89612788 16.89615754 17.31615642 17.31618991 18.10214583 18.10218896
   3 0.23164727 -48.84328067 -48.83658325 -48.83015074 -48.82930595 -18.56960266 -18.54291874 -18.47736563 -18.47656080 -18.44881431 -18.42323277 -18.38008165 -18.35823412 -18.32178436 -18.31340915 -18.29093123 -18.27493426 -6.30989972 -5.55362618 -5.46407162 -5.31371817 -5.18623718 -4.94905225 -4.86172953 -4.79014675 5.97514711 6.00549512 6.71718367 6.75910921 6.78264671 6.97516126 7.15560599 7.29192720 7.85136088 8.05731476 8.51375229 8.54833437 8.72186646 8.88339965 9.47236754 9.50581319 9.80771639 9.85197696 10.08502039 10.28351836 10.36758472 10.68566594 11.00251623 11.02728002 15.82929768 16.16908585 16.25581877 16.74796642 16.83480133 17.37847941 17.59546409 17.78112118 18.06471944 18.17044508
   4 0.32633769 -48.83911433 -48.83906010 -48.83064158 -48.83058723 -18.57045674 -18.57044261 -18.48964651 -18.48962673 -18.46290397 -18.46286072 -18.34291542 -18.34287276 -18.31120312 -18.31118590 -18.26198802 -18.26197235 -5.97916177 -5.97915124 -5.33911189 -5.33907407 -5.09646059 -5.09640223 -4.82781922 -4.82775209 6.35975015 6.35975475 6.68622639 6.68623273 7.02881960 7.02888008 7.90459376 7.90465234 8.06494880 8.06499742 8.46845651 8.46850382 8.52567855 8.52571641 8.85976225 8.85980307 9.60948703 9.60952682 10.03237224 10.03243066 10.43606695 10.43608045 10.66196030 10.66199941 15.98540629 15.98545122 16.36792983 16.36795531 16.88986740 16.88991111 17.49966999 17.49967502 18.04341399 18.04343949
   5 0.46548262 -48.84820512 -48.83081341 -48.83076190 -48.82950841 -18.64647261 -18.62563381 -18.62390202 -18.42991341 -18.38041907 -18.36645762 -18.35599197 -18.34777233 -18.32549144 -18.25126460 -18.24936652 -18.24525927 -6.84791776 -5.52772534 -5.40979171 -5.31454748 -4.96329545 -4.86751723 -4.76473649 -4.66860533 5.72753649 5.84014855 5.84367342 6.51549100 6.72549499 6.84722192 7.81394077 7.84554885 7.94496258 8.12640760 8.40660152 8.74494539 8.92205832 9.20626492 9.35435625 9.60777206 9.77781473 9.99621669 10.02746219 10.03038144 10.24021254 10.88228907 11.01298007 11.14006167 16.10630822 16.38205992 16.54842463 16.90203487 16.94372122 17.15100567 17.17337403 17.34534933 17.37792226 18.10001455
   6 0.56017305 -48.84075294 -48.84067321 -48.82910478 -48.82902458 -18.54521160 -18.54515967 -18.52187210 -18.52183844 -18.44707233 -18.44703475 -18.34627562 -18.34622317 -18.29958679 -18.29957112 -18.27534920 -18.27532724 -6.09507182 -6.09505400 -5.27403814 -5.27401112 -4.99876606 -4.99870629 -4.86772001 -4.86765369 6.34621736 6.34627075 6.64685243 6.64686827 7.16905138 7.16913679 7.26972342 7.26975127 7.70983105 7.70989192 8.49143056 8.49151669 8.92205029 8.92211540 9.19182567 9.19190684 9.57237144 9.57240504 10.19022318 10.19033404 10.45699668 10.45708920 10.72089549 10.72096173 16.38699330 16.38707201 16.80657441 16.80666708 16.96660772 16.96675693 17.29098819 17.29114021 18.14721797 18.14725647
   7 0.69712989 -48.84274432 -48.83632878 -48.83038396 -48.82983414 -18.57498450 -18.53685758 -18.49036210 -18.48927306 -18.44264947 -18.43970022 -18.36863611 -18.34976559 -18.31422332 -18.30613067 -18.28483370 -18.28080277 -6.27620806 -5.54303727 -5.44334490 -5.36121843 -5.20260265 -4.96930387 -4.85828624 -4.78750805 6.01369433 6.07436096 6.74135307 6.76464556 6.78816951 7.02901749 7.23292523 7.25565028 7.89978038 8.04677162 8.54139603 8.55276270 8.65496375 8.91638451 9.44420498 9.48546735 9.79994508 9.83436887 10.01797120 10.20133214 10.36470426 10.57325256 10.99090836 10.99332191 15.91136636 16.14230574 16.14711808 16.70398057 16.70562528 17.44839196 17.58712309 17.75535102 17.94806650 18.29200738
   8 0.79182031 -48.83877918 -48.83872499 -48.83096032 -48.83090595 -18.59057174 -18.59055240 -18.52322828 -18.52320161 -18.42334637 -18.42333593 -18.33174554 -18.33170371 -18.30577891 -18.30574806 -18.26332295 -18.26330409 -5.97418710 -5.97417633 -5.42132063 -5.42126208 -5.03381398 -5.03376083 -4.81369493 -4.81362159 6.43688000 6.43690151 6.70142547 6.70143377 7.04765021 7.04771284 7.78858461 7.78870380 8.10238961 8.10245564 8.28859048 8.28880423 8.73985762 8.73987991 8.96680155 8.96698010 9.61909418 9.61916303 9.96302847 9.96308446 10.33112437 10.33117744 10.62950277 10.62954279 15.93012073 15.93017176 16.42260711 16.42262672 16.79282717 16.79294466 17.49893924 17.49906604 18.02173130 18.02179216
   9 0.93096525 -48.84603707 -48.83171508 -48.83078176 -48.83072770 -18.60880889 -18.60788424 -18.59677922 -18.46398339 -18.38484047 -18.37084036 -18.36318621 -18.35324444 -18.31122118 -18.28169875 -18.26054888 -18.25546925 -6.66870897 -5.50673894 -5.50380052 -5.34184775 -5.03086031 -4.83967606 -4.81268197 -4.68562542 5.79659450 5.93407351 6.22388652 6.57321512 6.81336648 7.21603842 7.46998167 7.59897668 7.81808172 8.17171958 8.23799719 8.75669922 8.86990290 9.07462961 9.37965922 9.53691941 9.64355437 9.75199985 10.09875696 10.10010588 10.31886819 10.83769481 10.95907536 11.04991893 15.99159095 16.32631596 16.38758699 16.77546157 17.05672251 17.17889062 17.20847231 17.31209019 17.99282721 18.30441591
  10 1.02565567 -48.83937160 -48.83929187 -48.83045390 -48.83037364 -18.54734571 -18.54731222 -18.51509394 -18.51507533 -18.44824720 -18.44823761 -18.34321310 -18.34320060 -18.31265143 -18.31262505 -18.27082913 -18.27081550 -6.00281991 -6.00280339 -5.37492913 -5.37489675 -4.98118905 -4.98112831 -4.88719558 -4.88713025 6.51429300 6.51436292 6.75565584 6.75567914 7.15687192 7.15691271 7.38361920 7.38369403 7.73197829 7.73209974 8.41339627 8.41349296 8.72505109 8.72519208 9.22171426 9.22177111 9.61222917 9.61228047 9.99085792 9.99096741 10.33144730 10.33149566 10.67769546 10.67775394 16.32931057 16.32937632 16.69722066 16.69727097 17.09177404 17.09204828 17.31863573 17.31897430 18.18863873 18.18869346
  11 1.16261251 -48.84121710 -48.83560896 -48.83134236 -48.83105424 -18.58392903 -18.52397017 -18.51875467 -18.51351391 -18.46363881 -18.42475569 -18.35839354 -18.34439371 -18.29761276 -18.29548189 -18.28012303 -18.27445318 -6.17923819 -5.51025537 -5.48693407 -5.38613311 -5.24830747 -5.02580939 -4.84807518 -4.78693755 6.06866154 6.34161632 6.67129074 6.80831657 6.97934641 7.09985088 7.10820556 7.46490908 7.95782175 8.02428020 8.48036253 8.57182884 8.64752976 9.01324868 9.36092745 9.44965286 9.65105828 9.78673298 9.96124530 9.98449889 10.32987242 10.33828365 10.91506864 10.94789577 15.93074315 16.03519858 16.10419161 16.55140720 16.57788700 17.52971841 17.58197550 17.69894784 17.74060790 18.07279599
  12 1.25730294 -48.83783164 -48.83777761 -48.83186264 -48.83180810 -18.62178172 -18.62175883 -18.57013416 -18.57010642 -18.36894392 -18.36893526 -18.31616732 -18.31612359 -18.29282682 -18.29278360 -18.26545679 -18.26542700 -5.95432854 -5.95431651 -5.56766097 -5.56760053 -4.93614371 -4.93610196 -4.78625648 -4.78617939 6.61012769 6.61016982 6.78996785 6.78997922 7.09827840 7.09835946 7.53014866 7.53025372 8.12512062 8.12518670 8.28526188 8.28530785 8.90502665 8.90505411 9.10949269 9.10967018 9.65303514 9.65312868 9.82607257 9.82610721 10.06933277 10.06940864 10.56877914 10.56882722 15.82804649 15.82810496 16.42738783 16.42744082 16.70362115 16.70379258 17.44420316 17.44439288 17.97633374 17.97640794
  13 1.39644787 -48.84277466 -48.83501504 -48.83075520 -48.83070184 -18.58173502 -18.55519501 -18.55466774 -18.50594503 -18.42495418 -18.39096481 -18.35929320 -18.35470284 -18.30197153 -18.29379450 -18.27618301 -18.26959827 -6.39682458 -5.74797160 -5.46816043 -5.38126862 -5.02348401 -4.88276584 -4.79917027 -4.71517564 5.88073431 6.17304563 6.59706469 6.76367394 7.00832135 7.26504747 7.27093149 7.34292363 7.59969449 8.17496539 8.36156915 8.41860446 8.92104782 9.01325517 9.20777587 9.31585173 9.38905366 9.61192216 10.16448328 10.17082376 10.58480237 10.82287552 10.91254139 10.96107142 15.88026951 16.04411476 16.43112348 16.63504660 17.19705872 17.22635992 17.23225369 17.37874401 18.49652723 18.57664834
  14 1.49113830 -48.83731311 -48.83723350 -48.83248411 -48.83240368 -18.54415799 -18.54414314 -18.52040371 -18.52038230 -18.43259709 -18.43255181 -18.36655150 -18.36649848 -18.30196560 -18.30192334 -18.27378648 -18.27377715 -5.86286438 -5.86284855 -5.52297641 -5.52295025 -4.95929302 -4.95923295 -4.91099311 -4.91093011 6.67383779 6.67387504 6.86680245 6.86683251 7.22264568 7.22266013 7.49171104 7.49175533 7.78544477 7.78561965 8.31105881 8.31124212 8.53450823 8.53471566 9.16359955 9.16372945 9.64152206 9.64165358 9.72612422 9.72634956 10.33095476 10.33102215 10.59813195 10.59817225 16.31011387 16.31018070 16.53363244 16.53370139 17.25225957 17.25256297 17.39416676 17.39451864 18.22734798 18.22740251
  15 1.62809514 -48.83893791 -48.83454304 -48.83359485 -48.83207429 -18.58550678 -18.55040415 -18.52970333 -18.52463650 -18.45790009 -18.39795378 -18.38875365 -18.34004272 -18.29719012 -18.27369517 -18.27123585 -18.26276654 -6.03087494 -5.65957246 -5.45638780 -5.31410281 -5.30294141 -5.10895487 -4.83199549 -4.79594800 6.20172826 6.56336872 6.63502139 6.94970216 6.99945456 7.17052795 7.18367384 7.66071256 7.74599700 8.19356252 8.23185403 8.62037560 8.75032280 9.16707359 9.23294888 9.44120493 9.45580455 9.71216476 9.77027591 9.84493501 10.19504905 10.27384844 10.84349947 10.87871219 15.79192098 15.93172681 16.09214647 16.33283167 16.81140035 17.45326377 17.58560392 17.61066549 17.67291083 17.88654196
  16 1.72278556 -48.83643607 -48.83638248 -48.83321248 -48.83315740 -18.63917856 -18.63915441 -18.61095438 -18.61092842 -18.32570248 -18.32567703 -18.30212620 -18.30207370 -18.28872887 -18.28869371 -18.26594636 -18.26591391 -5.90849294 -5.90847293 -5.71081084 -5.71076089 -4.85245522 -4.85241461 -4.77427161 -4.77420341 6.75093276 6.75095362 6.96969179 6.96978246 7.14777680 7.14796387 7.32405961 7.32416396 8.11700113 8.11701527 8.42622097 8.42627376 8.86484990 8.86491956 9.13926218 9.13938814 9.56191220 9.56194490 9.68979957 9.68988776 10.09044212 10.09046946 10.45966847 10.45970761 15.79391723 15.79396618 16.15930487 16.15932341 16.89294236 16.89304769 17.30850304 17.30866045 17.98499559 17.98503138
  17 1.86193050 -48.83893293 -48.83887684 -48.83074731 -48.83069389 -18.54684552 -18.54681263 -18.52102468 -18.52098308 -18.44093970 -18.44092132 -18.35208405 -18.35203179 -18.29149371 -18.29147494 -18.28436715 -18.28434687 -6.07133277 -6.07130049 -5.42558941 -5.42553185 -4.96067329 -4.96063810 -4.75492335 -4.75484450 6.07992262 6.07998333 6.86559144 6.86562949 7.09226617 7.09229051 7.38689215 7.38705383 7.61205622 7.61210546 8.64897584 8.64910619 8.65373621 8.65395233 9.34617836 9.34622722 9.35860985 9.35875392 10.19809842 10.19816775 10.75774401 10.75782770 10.90966052 10.90978530 15.88000210 15.88018958 16.51497253 16.51524541 17.22206378 17.22229465 17.35948223 17.35951837 18.59455709 18.59472043
  18 1.95662092 -48.83490252 -48.83489940 -48.83484429 -48.83476602 -18.53388828 -18.53387738 -18.53385708 -18.53385095 -18.40118054 -18.40116964 -18.40115709 -18.40108028 -18.28513219 -18.28509711 -18.28507566 -18.28506403 -5.69464844 -5.69461552 -5.69458930 -5.69454132 -4.93554313 -4.93546896 -4.93544998 -4.93543359 6.80463188 6.80463880 6.80464725 6.80467093 7.41822733 7.41824811 7.41831133 7.41834278 7.98788544 7.98792706 7.98813900 7.98818610 8.80849072 8.80850690 8.80866996 8.80868482 9.66446415 9.66449514 9.66467748 9.66468840 10.45504206 10.45511219 10.45517214 10.45520221 16.38309810 16.38313227 16.38332359 16.38336315 17.38076029 17.38077405 17.38107538 17.38110455 18.31412734 18.31414025
  19 2.09357776 -48.83629043 -48.83623537 -48.83332344 -48.83326779 -18.57430330 -18.57427166 -18.53272038 -18.53267403 -18.42564954 -18.42560940 -18.36691852 -18.36691009 -18.28008988 -18.28007337 -18.26045382 -18.26043123 -5.84979935 -5.84976617 -5.38766167 -5.38755233 -5.20611444 -5.20594030 -4.81293552 -4.81286077 6.38982510 6.38985906 6.80465413 6.80475193 7.22537696 7.22557853 7.39276404 7.39284952 7.92805637 7.92818570 8.40434971 8.40446265 9.02892604 9.02906566 9.34468256 9.34478700 9.50754754 9.50766632 9.74853929 9.74875548 10.20874037 10.20896228 10.82853406 10.82864055 15.79942380 15.79970441 16.16172298 16.16206103 17.17889933 17.17906571 17.57267526 17.57270896 17.74768169 17.74782368
  20 2.18826819 -48.83483780 -48.83483514 -48.83478042 -48.83470098 -18.63560999 -18.63558820 -18.63558052 -18.63556528 -18.30461788 -18.30461048 -18.30457535 -18.30454654 -18.27559951 -18.27556766 -18.27550797 -18.27549660 -5.82764782 -5.82762054 -5.82758514 -5.82752108 -4.79580943 -4.79576348 -4.79572566 -4.79570396 6.89948143 6.89950509 6.89955643 6.89955873 7.24441946 7.24444683 7.24464506 7.24466737 8.29619990 8.29621938 8.29649775 8.29653141 8.94370511 8.94375781 8.94384658 8.94385605 9.59271153 9.59275333 9.59281587 9.59284334 10.29016726 10.29018382 10.29022343 10.29027005 15.90790070 15.90795275 15.90818986 15.90824682 17.11622440 17.11630181 17.11651541 17.11657045 18.11618849 18.11623369
  21 2.32741312 -48.84277466 -48.83501504 -48.83075520 -48.83070184 -18.58173502 -18.55519501 -18.55466774 -18.50594503 -18.42495418 -18.39096481 -18.35929320 -18.35470284 -18.30197153 -18.29379450 -18.27618301 -18.26959827 -6.39682458 -5.74797160 -5.46816043 -5.38126862 -5.02348401 -4.88276584 -4.79917027 -4.71517564 5.88073431 6.17304563 6.59706469 6.76367394 7.00832135 7.26504747 7.27093149 7.34292363 7.59969449 8.17496539 8.36156915 8.41860446 8.92104782 9.01325517 9.20777587 9.31585173 9.38905366 9.61192216 10.16448328 10.17082376 10.58480237 10.82287552 10.91254139 10.96107142 15.88026951 16.04411476 16.43112348 16.63504660 17.19705872 17.22635992 17.23225369 17.37874401 18.49652723 18.57664834
  22 2.42210355 -48.83731311 -48.83723350 -48.83248411 -48.83240368 -18.54415799 -18.54414314 -18.52040371 -18.52038230 -18.43259709 -18.43255181 -18.36655150 -18.36649848 -18.30196560 -18.30192334 -18.27378648 -18.27377715 -5.86286438 -5.86284855 -5.52297641 -5.52295025 -4.95929302 -4.95923295 -4.91099311 -4.91093011 6.67383779 6.67387504 6.86680245 6.86683251 7.22264568 7.22266013 7.49171104 7.49175533 7.78544477 7.78561965 8.31105881 8.31124212 8.53450823 8.53471566 9.16359955 9.16372945 9.64152206 9.64165358 9.72612422 9.72634956 10.33095476 10.33102215 10.59813195 10.59817225 16.31011387 16.31018070 16.53363244 16.53370139 17.25225957 17.25256297 17.39416676 17.39451864 18.22734798 18.22740251
  23 2.55906039 -48.83893791 -48.83454304 -48.83359485 -48.83207429 -18.58550678 -18.55040415 -18.52970333 -18.52463650 -18.45790009 -18.39795378 -18.38875365 -18.34004272 -18.29719012 -18.27369517 -18.27123585 -18.26276654 -6.03087494 -5.65957246 -5.45638780 -5.31410281 -5.30294141 -5.10895487 -4.83199549 -4.79594800 6.20172826 6.56336872 6.63502139 6.94970216 6.99945456 7.17052795 7.18367384 7.66071256 7.74599700 8.19356252 8.23185403 8.62037560 8.75032280 9.16707359 9.23294888 9.44120493 9.45580455 9.71216476 9.77027591 9.84493501 10.19504905 10.27384844 10.84349947 10.87871219 15.79192098 15.93172681 16.09214647 16.33283167 16.81140035 17.45326377 17.58560392 17.61066549 17.67291083 17.88654196
  24 2.65375081 -48.83643607 -48.83638248 -48.83321248 -48.83315740 -18.63917856 -18.63915441 -18.61095438 -18.61092842 -18.32570248 -18.32567703 -18.30212620 -18.30207370 -18.28872887 -18.28869371 -18.26594636 -18.26591391 -5.90849294 -5.90847293 -5.71081084 -5.71076089 -4.85245522 -4.85241461 -4.77427161 -4.77420341 6.75093276 6.75095362 6.96969179 6.96978246 7.14777680 7.14796387 7.32405961 7.32416396 8.11700113 8.11701527 8.42622097 8.42627376 8.86484990 8.86491956 9.13926218 9.13938814 9.56191220 9.56194490 9.68979957 9.68988776 10.09044212 10.09046946 10.45966847 10.45970761 15.79391723 15.79396618 16.15930487 16.15932341 16.89294236 16.89304769 17.30850304 17.30866045 17.98499559 17.98503138
  25 2.79289575 -48.84603707 -48.83171508 -48.83078176 -48.83072770 -18.60880889 -18.60788424 -18.59677922 -18.46398339 -18.38484047 -18.37084036 -18.36318621 -18.35324444 -18.31122118 -18.28169875 -18.26054888 -18.25546925 -6.66870897 -5.50673894 -5.50380052 -5.34184775 -5.03086031 -4.83967606 -4.81268197 -4.68562542 5.79659450 5.93407351 6.22388652 6.57321512 6.81336648 7.21603842 7.46998167 7.59897668 7.81808172 8.17171958 8.23799719 8.75669922 8.86990290 9.07462961 9.37965922 9.53691941 9.64355437 9.75199985 10.09875696 10.10010588 10.31886819 10.83769481 10.95907536 11.04991893 15.99159095 16.32631596 16.38758699 16.77546157 17.05672251 17.17889062 17.20847231 17.31209019 17.99282721 18.30441591
  26 2.88758617 -48.83937160 -48.83929187 -48.83045390 -48.83037364 -18.54734571 -18.54731222 -18.51509394 -18.51507533 -18.44824720 -18.44823761 -18.34321310 -18.34320060 -18.31265143 -18.31262505 -18.27082913 -18.27081550 -6.00281991 -6.00280339 -5.37492913 -5.37489675 -4.98118905 -4.98112831 -4.88719558 -4.88713025 6.51429300 6.51436292 6.75565584 6.75567914 7.15687192 7.15691271 7.38361920 7.38369403 7.73197829 7.73209974 8.41339627 8.41349296 8.72505109 8.72519208 9.22171426 9.22177111 9.61222917 9.61228047 9.99085792 9.99096741 10.33144730 10.33149566 10.67769546 10.67775394 16.32931057 16.32937632 16.69722066 16.69727097 17.09177404 17.09204828 17.31863573 17.31897430 18.18863873 18.18869346
  27 3.02454301 -48.84121710 -48.83560896 -48.83134236 -48.83105424 -18.58392903 -18.52397017 -18.51875467 -18.51351391 -18.46363881 -18.42475569 -18.35839354 -18.34439371 -18.29761276 -18.29548189 -18.28012303 -18.27445318 -6.17923819 -5.51025537 -5.48693407 -5.38613311 -5.24830747 -5.02580939 -4.84807518 -4.78693755 6.06866154 6.34161632 6.67129074 6.80831657 6.97934641 7.09985088 7.10820556 7.46490908 7.95782175 8.02428020 8.48036253 8.57182884 8.64752976 9.01324868 9.36092745 9.44965286 9.65105828 9.78673298 9.96124530 9.98449889 10.32987242 10.33828365 10.91506864 10.94789577 15.93074315 16.03519858 16.10419161 16.55140720 16.57788700 17.52971841 17.58197550 17.69894784 17.74060790 18.07279599
  28 3.11923344 -48.83783164 -48.83777761 -48.83186264 -48.83180810 -18.62178172 -18.62175883 -18.57013416 -18.57010642 -18.36894392 -18.36893526 -18.31616732 -18.31612359 -18.29282682 -18.29278360 -18.26545679 -18.26542700 -5.95432854 -5.95431651 -5.56766097 -5.56760053 -4.93614371 -4.93610196 -4.78625648 -4.78617939 6.61012769 6.61016982 6.78996785 6.78997922 7.09827840 7.09835946 7.53014866 7.53025372 8.12512062 8.12518670 8.28526188 8.28530785 8.90502665 8.90505411 9.10949269 9.10967018 9.65303514 9.65312868 9.82607257 9.82610721 10.06933277 10.06940864 10.56877914 10.56882722 15.82804649 15.82810496 16.42738783 16.42744082 16.70362115 16.70379258 17.44420316 17.44439288 17.97633374 17.97640794
  29 3.25837837 -48.84820512 -48.83081341 -48.83076190 -48.82950841 -18.64647261 -18.62563381 -18.62390202 -18.42991341 -18.38041907 -18.36645762 -18.35599197 -18.34777233 -18.32549144 -18.25126460 -18.24936652 -18.24525927 -6.84791776 -5.52772534 -5.40979171 -5.31454748 -4.96329545 -4.86751723 -4.76473649 -4.66860533 5.72753649 5.84014855 5.84367342 6.51549100 6.72549499 6.84722192 7.81394077 7.84554885 7.94496258 8.12640760 8.40660152 8.74494539 8.92205832 9.20626492 9.35435625 9.60777206 9.77781473 9.99621669 10.02746219 10.03038144 10.24021254 10.88228907 11.01298007 11.14006167 16.10630822 16.38205992 16.54842463 16.90203487 16.94372122 17.15100567 17.17337403 17.34534933 17.37792226 18.10001455
  30 3.35306880 -48.84075294 -48.84067321 -48.82910478 -48.82902458 -18.54521160 -18.54515967 -18.52187210 -18.52183844 -18.44707233 -18.44703475 -18.34627562 -18.34622317 -18.29958679 -18.29957112 -18.27534920 -18.27532724 -6.09507182 -6.09505400 -5.27403814 -5.27401112 -4.99876606 -4.99870629 -4.86772001 -4.86765369 6.34621736 6.34627075 6.64685243 6.64686827 7.16905138 7.16913679 7.26972342 7.26975127 7.70983105 7.70989192 8.49143056 8.49151669 8.92205029 8.92211540 9.19182567 9.19190684 9.57237144 9.57240504 10.19022318 10.19033404 10.45699668 10.45708920 10.72089549 10.72096173 16.38699330 16.38707201 16.80657441 16.80666708 16.96660772 16.96675693 17.29098819 17.29114021 18.14721797 18.14725647
  31 3.49002564 -48.84274432 -48.83632878 -48.83038396 -48.82983414 -18.57498450 -18.53685758 -18.49036210 -18.48927306 -18.44264947 -18.43970022 -18.36863611 -18.34976559 -18.31422332 -18.30613067 -18.28483370 -18.28080277 -6.27620806 -5.54303727 -5.44334490 -5.36121843 -5.20260265 -4.96930387 -4.85828624 -4.78750805 6.01369433 6.07436096 6.74135307 6.76464556 6.78816951 7.02901749 7.23292523 7.25565028 7.89978038 8.04677162 8.54139603 8.55276270 8.65496375 8.91638451 9.44420498 9.48546735 9.79994508 9.83436887 10.01797120 10.20133214 10.36470426 10.57325256 10.99090836 10.99332191 15.91136636 16.14230574 16.14711808 16.70398057 16.70562528 17.44839196 17.58712309 17.75535102 17.94806650 18.29200738
  32 3.58471606 -48.83877918 -48.83872499 -48.83096032 -48.83090595 -18.59057174 -18.59055240 -18.52322828 -18.52320161 -18.42334637 -18.42333593 -18.33174554 -18.33170371 -18.30577891 -18.30574806 -18.26332295 -18.26330409 -5.97418710 -5.97417633 -5.42132063 -5.42126208 -5.03381398 -5.03376083 -4.81369493 -4.81362159 6.43688000 6.43690151 6.70142547 6.70143377 7.04765021 7.04771284 7.78858461 7.78870380 8.10238961 8.10245564 8.28859048 8.28880423 8.73985762 8.73987991 8.96680155 8.96698010 9.61909418 9.61916303 9.96302847 9.96308446 10.33112437 10.33117744 10.62950277 10.62954279 15.93012073 15.93017176 16.42260711 16.42262672 16.79282717 16.79294466 17.49893924 17.49906604 18.02173130 18.02179216
