   1 0.00000000 -50.25952471 -50.24740448 -50.24224297 -50.23966668 -20.10095999 -20.02192309 -20.00319657 -19.88300956 -19.84571429 -19.82883884 -19.81783495 -19.78187496 -19.73975766 -19.71488660 -19.69416481 -19.67122328 -7.92983969 -7.00920007 -6.62217911 -6.58116796 -6.57217372 -6.38412742 -6.09487707 -6.05278692 4.56539177 4.75446298 5.21076701 5.46384899 5.48302581 5.69437371 6.11704011 6.47280424 6.72653954 6.86830517 7.29992547 7.30998285 7.36183006 7.44422588 7.64921453 7.70880293 7.92712728 8.32521744 8.83011484 8.84493466 9.07288828 9.22067504 9.30008040 9.30981066 14.51515682 14.74573375 14.84046166 15.00583961 15.04824609 15.14371389 15.27822147 15.91884597 16.05050113 16.09155123
   2 0.08779299 -50.25436837 -50.25433205 -50.24006908 -50.24003268 -20.01353533 -20.01350352 -19.91525261 -19.91521684 -19.91399315 -19.91396025 -19.78854725 -19.78851096 -19.71466841 -19.71465082 -19.71111786 -19.71111117 -7.33031868 -7.33024235 -6.65905806 -6.65897881 -6.36153543 -6.36148879 -6.32375481 -6.32370740 5.41169524 5.41173746 5.60122671 5.60124876 5.61039425 5.61045341 6.09211039 6.09215651 6.50372215 6.50378121 7.08375053 7.08380064 7.36795693 7.36800281 7.85095685 7.85103327 8.22643274 8.22650965 8.35946216 8.35952302 8.47505946 8.47511126 9.22195555 9.22202080 14.85493104 14.85494608 15.06975880 15.06978119 15.36610183 15.36612132 15.70613573 15.70615370 16.04590131 16.04593510
   3 0.22140927 -50.25352314 -50.25348179 -50.24100839 -50.24096695 -19.98595066 -19.98591285 -19.93490906 -19.93488011 -19.85308447 -19.85305016 -19.81272316 -19.81271796 -19.73922932 -19.73922498 -19.73901190 -19.73897370 -7.15766373 -7.15762970 -6.67779599 -6.67776609 -6.46384523 -6.46380891 -6.37406055 -6.37403228 5.15383273 5.15384371 5.64693259 5.64695345 5.73938596 5.73940179 5.94411470 5.94414272 6.25519907 6.25523470 7.26309465 7.26310067 7.65352436 7.65354420 7.87286201 7.87289017 8.03131010 8.03132643 8.25008617 8.25010706 9.18652565 9.18655319 9.20145231 9.20148373 15.22535861 15.22538076 15.29800772 15.29802501 15.50492527 15.50494783 15.79552877 15.79553451 16.05190118 16.05191103
   4 0.30920226 -50.25334150 -50.25330015 -50.24107940 -50.24103796 -20.01375915 -20.01374125 -19.93581036 -19.93579802 -19.89407134 -19.89406548 -19.75804145 -19.75801151 -19.75282704 -19.75278585 -19.70736090 -19.70735114 -7.25000992 -7.24999519 -6.86967579 -6.86966705 -6.35077258 -6.35075142 -6.17926686 -6.17924597 4.94673399 4.94674070 5.42201250 5.42202258 5.93969242 5.93970119 6.58415729 6.58415922 6.76063632 6.76065204 6.83941667 6.83943665 7.36122511 7.36124428 7.40614148 7.40615521 8.24402153 8.24403853 8.54873725 8.54875834 8.81353610 8.81355326 9.07158692 9.07160790 15.05037129 15.05037845 15.17506600 15.17507278 15.42411488 15.42413607 15.93275037 15.93277332 16.17716295 16.17717684
   5 0.44495794 -50.25877829 -50.24720637 -50.24244503 -50.24041933 -20.08763324 -20.03079926 -19.99372090 -19.92475592 -19.81907197 -19.81479313 -19.80981118 -19.77695048 -19.75037915 -19.71672192 -19.69767479 -19.68353133 -7.87121598 -6.98711986 -6.72965158 -6.70185002 -6.41191477 -6.30405469 -6.15924557 -6.08401256 4.61617982 4.87852460 5.16057134 5.23307242 5.49445457 6.05705513 6.07001850 6.47155937 6.48671493 6.73261982 7.19244598 7.27968336 7.48596904 7.57718414 7.68398605 7.78705902 8.11877898 8.26776611 8.62886263 8.76965427 9.02748789 9.27338412 9.28053417 9.28065317 14.51895014 14.67195251 14.81032864 14.96742298 15.06981473 15.35098846 15.35246604 15.95187771 15.97437021 16.13062302
   6 0.53275093 -50.25383417 -50.25379784 -50.24061195 -50.24057555 -20.01463485 -20.01460656 -19.92034306 -19.92031786 -19.90271210 -19.90268550 -19.78991565 -19.78988802 -19.72105844 -19.72103122 -19.70941646 -19.70939720 -7.29502412 -7.29494834 -6.64837811 -6.64829979 -6.39625446 -6.39622559 -6.33717763 -6.33714859 5.41484213 5.41488139 5.47760849 5.47764513 5.80971460 5.80976245 6.09506141 6.09510269 6.55893789 6.55898365 7.06964305 7.06971352 7.18846076 7.18848229 7.99224717 7.99234079 8.05089214 8.05095512 8.28992040 8.28997018 8.65319404 8.65320996 9.17707578 9.17713846 14.82408403 14.82410394 14.92913007 14.92915835 15.52643613 15.52648595 15.69172214 15.69174191 16.16870897 16.16874060
   7 0.66636722 -50.25304480 -50.25300344 -50.24148332 -50.24144188 -19.99466743 -19.99463267 -19.93752482 -19.93749294 -19.86418683 -19.86415367 -19.79884673 -19.79882735 -19.74388964 -19.74387515 -19.72561008 -19.72557849 -7.13847423 -7.13844018 -6.69370115 -6.69367087 -6.46221041 -6.46217424 -6.38059953 -6.38057092 5.17926573 5.17927672 5.67346183 5.67348035 5.69360733 5.69362311 5.98457046 5.98459651 6.28302646 6.28306005 7.23118734 7.23119532 7.60332780 7.60334811 7.72361805 7.72363076 8.11297421 8.11299387 8.40494122 8.40495169 9.13964677 9.13967909 9.17281186 9.17284034 15.11749461 15.11751421 15.23970723 15.23972939 15.45928701 15.45931046 15.75614625 15.75615659 16.15216611 16.15217939
   8 0.75416021 -50.25288453 -50.25284318 -50.24155047 -50.24150903 -20.03390577 -20.03389029 -19.93357038 -19.93354792 -19.88361837 -19.88360527 -19.77099975 -19.77099691 -19.72860586 -19.72859503 -19.71075304 -19.71074319 -7.25790076 -7.25788741 -6.83236660 -6.83235736 -6.42865661 -6.42864109 -6.12929163 -6.12927750 4.96744821 4.96745430 5.47948502 5.47949408 5.81174546 5.81175317 6.56954546 6.56955601 6.67443815 6.67444835 6.87509542 6.87510141 7.45717207 7.45718835 7.56984245 7.56985513 8.26573901 8.26575788 8.48211770 8.48213588 8.78382333 8.78383549 9.01399593 9.01401616 14.87536949 14.87537746 15.26181360 15.26182661 15.49348143 15.49349700 15.86418647 15.86420423 16.09982427 16.09983853
   9 0.88991589 -50.25665053 -50.24664417 -50.24301392 -50.24257503 -20.04946047 -20.04676199 -19.97722513 -19.96671468 -19.82797598 -19.78425542 -19.77980522 -19.77807460 -19.75903210 -19.72233350 -19.71242426 -19.70768195 -7.70407437 -6.94050860 -6.85098782 -6.82068458 -6.32019398 -6.25926579 -6.18662213 -6.17121024 4.73606812 4.87447889 5.22044009 5.31690155 5.57539149 5.93606101 6.03924123 6.25839743 6.55623666 6.76479471 7.05973713 7.28007376 7.39702726 7.57964825 7.95215725 7.98508826 8.07992403 8.18219244 8.42848933 8.67335915 8.97209526 9.18504948 9.22155254 9.35269516 14.36293322 14.59541166 14.84740333 14.90344634 15.23007259 15.42501330 15.63514849 16.06921035 16.13252024 16.16581872
  10 0.97770888 -50.25230381 -50.25226746 -50.24216931 -50.24213288 -20.01345279 -20.01343074 -19.93294007 -19.93292385 -19.88069848 -19.88067082 -19.78446385 -19.78444688 -19.74031661 -19.74028826 -19.70850890 -19.70849535 -7.19439377 -7.19431971 -6.62663990 -6.62656558 -6.48878432 -6.48873594 -6.37173165 -6.37168760 5.35937484 5.35940351 5.55009252 5.55012424 5.92945249 5.92948864 6.15079452 6.15082422 6.66282988 6.66286294 6.86746500 6.86752643 7.15306966 7.15309751 7.82072357 7.82078652 8.11474817 8.11480162 8.25927616 8.25935054 8.69101734 8.69106843 9.14401051 9.14405160 14.72241906 14.72243012 14.85802541 14.85806227 15.67746796 15.67749313 15.72204153 15.72209574 16.39011214 16.39014218
  11 1.11132516 -50.25168200 -50.25164065 -50.24284008 -50.24279863 -20.00961159 -20.00958186 -19.95512033 -19.95509212 -19.86885441 -19.86883089 -19.77981511 -19.77977787 -19.74657464 -19.74654476 -19.70428056 -19.70425726 -7.08378122 -7.08374716 -6.74029473 -6.74026338 -6.45712733 -6.45709163 -6.39736714 -6.39733731 5.26035921 5.26037078 5.64572069 5.64573507 5.71906254 5.71907394 5.97584827 5.97587208 6.37484269 6.37486942 7.11549831 7.11551686 7.57201776 7.57203971 7.61795816 7.61797787 8.22217084 8.22219674 8.53691436 8.53692537 9.02486810 9.02490464 9.14531297 9.14534401 14.93937811 14.93939425 15.18292047 15.18294227 15.32917712 15.32919965 15.66330774 15.66331992 16.30654476 16.30656068
  12 1.19911815 -50.25156852 -50.25152717 -50.24289231 -50.24285086 -20.05789946 -20.05788523 -19.97080451 -19.97078708 -19.83368009 -19.83367231 -19.76894848 -19.76894570 -19.72051326 -19.72050457 -19.70862478 -19.70861559 -7.25139307 -7.25138145 -6.82346500 -6.82345198 -6.47488395 -6.47486767 -6.09522153 -6.09520946 5.03190015 5.03190489 5.54996275 5.54997116 5.66954067 5.66954380 6.32200384 6.32201913 6.61005543 6.61006392 7.16436043 7.16436709 7.55171690 7.55173081 7.87159133 7.87159852 8.22599714 8.22601599 8.37959669 8.37961741 8.73005724 8.73006749 8.88101971 8.88103684 14.72212772 14.72213542 15.19520941 15.19521855 15.54146902 15.54147998 15.86032053 15.86032819 15.93064367 15.93065041
  13 1.33487383 -50.25345511 -50.24582770 -50.24580036 -50.24384512 -20.05455494 -20.01969712 -19.99216657 -19.92720625 -19.85969152 -19.82268522 -19.75925046 -19.75503210 -19.74009608 -19.73426652 -19.73027326 -19.72268229 -7.45482008 -6.96434822 -6.92606609 -6.90851355 -6.45488444 -6.29492278 -6.14452897 -6.10758968 4.73998129 4.80275912 5.40279129 5.65553286 5.75153423 5.80066666 5.94704602 6.07706451 6.48566974 6.79254610 6.98409746 7.27624493 7.36131121 7.70067520 7.71376393 7.78739211 7.95240838 8.25788887 8.68510573 8.71982666 8.95153512 9.11713650 9.12001308 9.35099569 14.22013617 14.55250914 14.75964627 15.00164431 15.32277899 15.42006422 15.87780688 16.06829355 16.12321820 16.28716178
  14 1.42266682 -50.24999680 -50.24996045 -50.24451167 -50.24447518 -20.00370725 -20.00369038 -19.95726402 -19.95725201 -19.84983947 -19.84981016 -19.78249005 -19.78246251 -19.75298370 -19.75296737 -19.71636565 -19.71635589 -7.04316679 -7.04309578 -6.69262137 -6.69256000 -6.52831876 -6.52825289 -6.42189421 -6.42183817 5.39951126 5.39953042 5.60329345 5.60331407 5.96134934 5.96138092 6.09324723 6.09326229 6.73230135 6.73232552 6.85669823 6.85672761 7.26032151 7.26033071 7.70490881 7.70495396 7.94141257 7.94144334 8.18957671 8.18961153 8.75783462 8.75790899 9.11650170 9.11654366 14.70116785 14.70118846 14.81563439 14.81567276 15.72720031 15.72721199 15.78317288 15.78322383 16.58698836 16.58702629
  15 1.55628311 -50.24964769 -50.24960636 -50.24487237 -50.24483090 -20.01596161 -20.01593584 -19.98439687 -19.98437381 -19.85158858 -19.85157777 -19.79624275 -19.79622968 -19.72175345 -19.72174542 -19.69378185 -19.69376497 -7.00205274 -7.00201878 -6.81433360 -6.81430097 -6.44812548 -6.44809062 -6.41725887 -6.41722718 5.40553749 5.40555080 5.64585394 5.64586537 5.72441967 5.72442455 5.83037345 5.83039428 6.53493377 6.53494892 6.93181696 6.93183422 7.65245918 7.65247737 7.69444157 7.69446720 8.23030290 8.23032924 8.39498242 8.39499065 9.04314395 9.04317776 9.12894234 9.12897483 14.85514922 14.85516403 15.08781134 15.08782923 15.28006481 15.28008325 15.53884222 15.53885644 16.39320049 16.39321742
  16 1.64407610 -50.24958640 -50.24954508 -50.24489513 -50.24485366 -20.06413281 -20.06411876 -20.01532819 -20.01531288 -19.78454942 -19.78454447 -19.75327721 -19.75326972 -19.73519751 -19.73519094 -19.70699096 -19.70698146 -7.19710023 -7.19708937 -6.94542815 -6.94541636 -6.36947956 -6.36946581 -6.13041369 -6.13040172 5.13577768 5.13578053 5.40437394 5.40437891 5.76821455 5.76822143 6.06500523 6.06501874 6.75288313 6.75289230 7.40064610 7.40065441 7.49944468 7.49945580 7.96833482 7.96834792 8.16277197 8.16277998 8.45810919 8.45813112 8.65596626 8.65597601 8.76416061 8.76417423 14.69447674 14.69448418 14.98009954 14.98010732 15.57227080 15.57228534 15.72571004 15.72572306 15.93333678 15.93335219
  17 1.77983178 -50.24966608 -50.24964830 -50.24482874 -50.24481065 -20.04621655 -20.04620890 -19.92771389 -19.92769970 -19.87015807 -19.87014469 -19.74146150 -19.74144675 -19.73763766 -19.73763470 -19.73685225 -19.73683482 -7.17326656 -7.17319815 -6.94588425 -6.94586941 -6.41797061 -6.41792107 -6.09094115 -6.09092941 4.74912548 4.74915356 5.56334667 5.56339064 5.82717510 5.82723227 6.18010846 6.18020615 6.46169180 6.46176203 6.97373401 6.97376153 7.50341315 7.50344893 7.83024835 7.83025672 8.08696055 8.08700053 8.80303860 8.80310028 8.95317082 8.95319847 9.24837248 9.24846188 14.30366458 14.30372845 14.95208559 14.95210111 15.34927732 15.34929072 16.05285461 16.05294829 16.17592391 16.17599080
  18 1.86762477 -50.24726496 -50.24726427 -50.24724083 -50.24720561 -19.98379014 -19.98378148 -19.98375559 -19.98374423 -19.81417983 -19.81416083 -19.81415283 -19.81411178 -19.73386248 -19.73385845 -19.73383245 -19.73382033 -6.86435779 -6.86429173 -6.86426710 -6.86421145 -6.47967650 -6.47962627 -6.47959069 -6.47954653 5.52235389 5.52236892 5.52239858 5.52242260 5.99789214 5.99790623 5.99795770 5.99796881 6.82574258 6.82577081 6.82582773 6.82585977 7.51672879 7.51674073 7.51681457 7.51682447 7.95305322 7.95307231 7.95310234 7.95312138 8.97333257 8.97339236 8.97341746 8.97346160 14.75366474 14.75367643 14.75369245 14.75371633 15.77115978 15.77118443 15.77120002 15.77121802 16.73001494 16.73005824
  19 2.00124105 -50.24726061 -50.24725994 -50.24723648 -50.24720126 -20.00737179 -20.00735768 -20.00734840 -20.00733363 -19.82435729 -19.82433840 -19.82433336 -19.82432189 -19.70005584 -19.70004408 -19.70003719 -19.70002838 -6.90677055 -6.90674640 -6.90664043 -6.90663715 -6.43484790 -6.43482322 -6.43472441 -6.43471346 5.60740717 5.60741896 5.60744721 5.60745933 5.68799869 5.68800955 5.68802356 5.68803517 6.73158024 6.73158238 6.73160854 6.73161463 7.76615752 7.76616953 7.76620380 7.76622635 8.21127203 8.21127941 8.21130543 8.21132406 9.10535216 9.10537172 9.10538012 9.10542501 14.91959724 14.91961131 14.91966211 14.91967880 15.39775998 15.39777137 15.39785336 15.39785946 16.42144836 16.42145788
  20 2.08903404 -50.24724537 -50.24724469 -50.24722124 -50.24718602 -20.04909511 -20.04908180 -20.04907191 -20.04906361 -19.75489988 -19.75489258 -19.75487078 -19.75486381 -19.72557506 -19.72555908 -19.72555619 -19.72553562 -7.08944399 -7.08942069 -7.08937034 -7.08936837 -6.23144518 -6.23142587 -6.23137652 -6.23136688 5.26329422 5.26330350 5.26332024 5.26332918 5.88360210 5.88361679 5.88363966 5.88364951 7.08085813 7.08086287 7.08089184 7.08091368 7.74208593 7.74209911 7.74216246 7.74216429 8.37698478 8.37699832 8.37705394 8.37707867 8.68244765 8.68245512 8.68246019 8.68247737 14.78927675 14.78928073 14.78933878 14.78934959 15.61369101 15.61370709 15.61372134 15.61375054 15.96753306 15.96755780
  21 2.22478972 -50.25345511 -50.24582770 -50.24580036 -50.24384512 -20.05455494 -20.01969712 -19.99216657 -19.92720625 -19.85969152 -19.82268522 -19.75925046 -19.75503210 -19.74009608 -19.73426652 -19.73027326 -19.72268229 -7.45482008 -6.96434822 -6.92606609 -6.90851355 -6.45488444 -6.29492278 -6.14452897 -6.10758968 4.73998129 4.80275912 5.40279129 5.65553286 5.75153423 5.80066666 5.94704602 6.07706451 6.48566974 6.79254610 6.98409746 7.27624493 7.36131121 7.70067520 7.71376393 7.78739211 7.95240838 8.25788887 8.68510573 8.71982666 8.95153512 9.11713650 9.12001308 9.35099569 14.22013617 14.55250914 14.75964627 15.00164431 15.32277899 15.42006422 15.87780688 16.06829355 16.12321820 16.28716178
  22 2.31258271 -50.24999680 -50.24996045 -50.24451167 -50.24447518 -20.00370725 -20.00369038 -19.95726402 -19.95725201 -19.84983947 -19.84981016 -19.78249005 -19.78246251 -19.75298370 -19.75296737 -19.71636565 -19.71635589 -7.04316679 -7.04309578 -6.69262137 -6.69256000 -6.52831876 -6.52825289 -6.42189421 -6.42183817 5.39951126 5.39953042 5.60329345 5.60331407 5.96134934 5.96138092 6.09324723 6.09326229 6.73230135 6.73232552 6.85669823 6.85672761 7.26032151 7.26033071 7.70490881 7.70495396 7.94141257 7.94144334 8.18957671 8.18961153 8.75783462 8.75790899 9.11650170 9.11654366 14.70116785 14.70118846 14.81563439 14.81567276 15.72720031 15.72721199 15.78317288 15.78322383 16.58698836 16.58702629
  23 2.44619900 -50.24964769 -50.24960636 -50.24487237 -50.24483090 -20.01596161 -20.01593584 -19.98439687 -19.98437381 -19.85158858 -19.85157777 -19.79624275 -19.79622968 -19.72175345 -19.72174542 -19.69378185 -19.69376497 -7.00205274 -7.00201878 -6.81433360 -6.81430097 -6.44812548 -6.44809062 -6.41725887 -6.41722718 5.40553749 5.40555080 5.64585394 5.64586537 5.72441967 5.72442455 5.83037345 5.83039428 6.53493377 6.53494892 6.93181696 6.93183422 7.65245918 7.65247737 7.69444157 7.69446720 8.23030290 8.23032924 8.39498242 8.39499065 9.04314395 9.04317776 9.12894234 9.12897483 14.85514922 14.85516403 15.08781134 15.08782923 15.28006481 15.28008325 15.53884222 15.53885644 16.39320049 16.39321742
  24 2.53399198 -50.24958640 -50.24954508 -50.24489513 -50.24485366 -20.06413281 -20.06411876 -20.01532819 -20.01531288 -19.78454942 -19.78454447 -19.75327721 -19.75326972 -19.73519751 -19.73519094 -19.70699096 -19.70698146 -7.19710023 -7.19708937 -6.94542815 -6.94541636 -6.36947956 -6.36946581 -6.13041369 -6.13040172 5.13577768 5.13578053 5.40437394 5.40437891 5.76821455 5.76822143 6.06500523 6.06501874 6.75288313 6.75289230 7.40064610 7.40065441 7.49944468 7.49945580 7.96833482 7.96834792 8.16277197 8.16277998 8.45810919 8.45813112 8.65596626 8.65597601 8.76416061 8.76417423 14.69447674 14.69448418 14.98009954 14.98010732 15.57227080 15.57228534 15.72571004 15.72572306 15.93333678 15.93335219
  25 2.66974767 -50.25665053 -50.24664417 -50.24301392 -50.24257503 -20.04946047 -20.04676199 -19.97722513 -19.96671468 -19.82797598 -19.78425542 -19.77980522 -19.77807460 -19.75903210 -19.72233350 -19.71242426 -19.70768195 -7.70407437 -6.94050860 -6.85098782 -6.82068458 -6.32019398 -6.25926579 -6.18662213 -6.17121024 4.73606812 4.87447889 5.22044009 5.31690155 5.57539149 5.93606101 6.03924123 6.25839743 6.55623666 6.76479471 7.05973713 7.28007376 7.39702726 7.57964825 7.95215725 7.98508826 8.07992403 8.18219244 8.42848933 8.67335915 8.97209526 9.18504948 9.22155254 9.35269516 14.36293322 14.59541166 14.84740333 14.90344634 15.23007259 15.42501330 15.63514849 16.06921035 16.13252024 16.16581872
  26 2.75754066 -50.25230381 -50.25226746 -50.24216931 -50.24213288 -20.01345279 -20.01343074 -19.93294007 -19.93292385 -19.88069848 -19.88067082 -19.78446385 -19.78444688 -19.74031661 -19.74028826 -19.70850890 -19.70849535 -7.19439377 -7.19431971 -6.62663990 -6.62656558 -6.48878432 -6.48873594 -6.37173165 -6.37168760 5.35937484 5.35940351 5.55009252 5.55012424 5.92945249 5.92948864 6.15079452 6.15082422 6.66282988 6.66286294 6.86746500 6.86752643 7.15306966 7.15309751 7.82072357 7.82078652 8.11474817 8.11480162 8.25927616 8.25935054 8.69101734 8.69106843 9.14401051 9.14405160 14.72241906 14.72243012 14.85802541 14.85806227 15.67746796 15.67749313 15.72204153 15.72209574 16.39011214 16.39014218
  27 2.89115694 -50.25168200 -50.25164065 -50.24284008 -50.24279863 -20.00961159 -20.00958186 -19.95512033 -19.95509212 -19.86885441 -19.86883089 -19.77981511 -19.77977787 -19.74657464 -19.74654476 -19.70428056 -19.70425726 -7.08378122 -7.08374716 -6.74029473 -6.74026338 -6.45712733 -6.45709163 -6.39736714 -6.39733731 5.26035921 5.26037078 5.64572069 5.64573507 5.71906254 5.71907394 5.97584827 5.97587208 6.37484269 6.37486942 7.11549831 7.11551686 7.57201776 7.57203971 7.61795816 7.61797787 8.22217084 8.22219674 8.53691436 8.53692537 9.02486810 9.02490464 9.14531297 9.14534401 14.93937811 14.93939425 15.18292047 15.18294227 15.32917712 15.32919965 15.66330774 15.66331992 16.30654476 16.30656068
  28 2.97894993 -50.25156852 -50.25152717 -50.24289231 -50.24285086 -20.05789946 -20.05788523 -19.97080451 -19.97078708 -19.83368009 -19.83367231 -19.76894848 -19.76894570 -19.72051326 -19.72050457 -19.70862478 -19.70861559 -7.25139307 -7.25138145 -6.82346500 -6.82345198 -6.47488395 -6.47486767 -6.09522153 -6.09520946 5.03190015 5.03190489 5.54996275 5.54997116 5.66954067 5.66954380 6.32200384 6.32201913 6.61005543 6.61006392 7.16436043 7.16436709 7.55171690 7.55173081 7.87159133 7.87159852 8.22599714 8.22601599 8.37959669 8.37961741 8.73005724 8.73006749 8.88101971 8.88103684 14.72212772 14.72213542 15.19520941 15.19521855 15.54146902 15.54147998 15.86032053 15.86032819 15.93064367 15.93065041
  29 3.11470561 -50.25877829 -50.24720637 -50.24244503 -50.24041933 -20.08763324 -20.03079926 -19.99372090 -19.92475592 -19.81907197 -19.81479313 -19.80981118 -19.77695048 -19.75037915 -19.71672192 -19.69767479 -19.68353133 -7.87121598 -6.98711986 -6.72965158 -6.70185002 -6.41191477 -6.30405469 -6.15924557 -6.08401256 4.61617982 4.87852460 5.16057134 5.23307242 5.49445457 6.05705513 6.07001850 6.47155937 6.48671493 6.73261982 7.19244598 7.27968336 7.48596904 7.57718414 7.68398605 7.78705902 8.11877898 8.26776611 8.62886263 8.76965427 9.02748789 9.27338412 9.28053417 9.28065317 14.51895014 14.67195251 14.81032864 14.96742298 15.06981473 15.35098846 15.35246604 15.95187771 15.97437021 16.13062302
  30 3.20249860 -50.25383417 -50.25379784 -50.24061195 -50.24057555 -20.01463485 -20.01460656 -19.92034306 -19.92031786 -19.90271210 -19.90268550 -19.78991565 -19.78988802 -19.72105844 -19.72103122 -19.70941646 -19.70939720 -7.29502412 -7.29494834 -6.64837811 -6.64829979 -6.39625446 -6.39622559 -6.33717763 -6.33714859 5.41484213 5.41488139 5.47760849 5.47764513 5.80971460 5.80976245 6.09506141 6.09510269 6.55893789 6.55898365 7.06964305 7.06971352 7.18846076 7.18848229 7.99224717 7.99234079 8.05089214 8.05095512 8.28992040 8.28997018 8.65319404 8.65320996 9.17707578 9.17713846 14.82408403 14.82410394 14.92913007 14.92915835 15.52643613 15.52648595 15.69172214 15.69174191 16.16870897 16.16874060
  31 3.33611489 -50.25304480 -50.25300344 -50.24148332 -50.24144188 -19.99466743 -19.99463267 -19.93752482 -19.93749294 -19.86418683 -19.86415367 -19.79884673 -19.79882735 -19.74388964 -19.74387515 -19.72561008 -19.72557849 -7.13847423 -7.13844018 -6.69370115 -6.69367087 -6.46221041 -6.46217424 -6.38059953 -6.38057092 5.17926573 5.17927672 5.67346183 5.67348035 5.69360733 5.69362311 5.98457046 5.98459651 6.28302646 6.28306005 7.23118734 7.23119532 7.60332780 7.60334811 7.72361805 7.72363076 8.11297421 8.11299387 8.40494122 8.40495169 9.13964677 9.13967909 9.17281186 9.17284034 15.11749461 15.11751421 15.23970723 15.23972939 15.45928701 15.45931046 15.75614625 15.75615659 16.15216611 16.15217939
  32 3.42390787 -50.25288453 -50.25284318 -50.24155047 -50.24150903 -20.03390577 -20.03389029 -19.93357038 -19.93354792 -19.88361837 -19.88360527 -19.77099975 -19.77099691 -19.72860586 -19.72859503 -19.71075304 -19.71074319 -7.25790076 -7.25788741 -6.83236660 -6.83235736 -6.42865661 -6.42864109 -6.12929163 -6.12927750 4.96744821 4.96745430 5.47948502 5.47949408 5.81174546 5.81175317 6.56954546 6.56955601 6.67443815 6.67444835 6.87509542 6.87510141 7.45717207 7.45718835 7.56984245 7.56985513 8.26573901 8.26575788 8.48211770 8.48213588 8.78382333 8.78383549 9.01399593 9.01401616 14.87536949 14.87537746 15.26181360 15.26182661 15.49348143 15.49349700 15.86418647 15.86420423 16.09982427 16.09983853
