   1 0.00000000 -48.76867080 -48.75013454 -48.74964731 -48.74816654 -18.57825856 -18.55567838 -18.55157579 -18.33250409 -18.29360911 -18.27813583 -18.26683201 -18.26361373 -18.25198381 -18.16223752 -18.15365936 -18.15343356 -6.85451947 -5.48805359 -5.31862787 -5.25604157 -4.84121429 -4.75930109 -4.66076987 -4.53755293 5.71783308 5.76656509 5.90985532 6.56606382 6.70106327 6.76525112 7.98984620 8.04095623 8.10355183 8.13615142 8.58517656 8.92492763 8.98697683 9.34732619 9.37487825 9.64855332 9.86922782 10.02897969 10.14971800 10.24152655 10.50769967 11.01072152 11.13516542 11.30654576 16.20555663 16.45442365 16.62038009 17.01378500 17.09485822 17.19820832 17.21346920 17.28796299 17.53046777 18.02120697
   2 0.09527894 -48.76054093 -48.76040580 -48.74786911 -48.74773618 -18.45788110 -18.45776891 -18.44331015 -18.44322612 -18.35934732 -18.35928228 -18.26808627 -18.26799850 -18.20601349 -18.20595494 -18.20007277 -18.20001002 -6.05444499 -6.05431998 -5.18129046 -5.18114550 -4.92509883 -4.92497569 -4.75327600 -4.75317178 6.30607514 6.30615613 6.69264124 6.69269503 7.20139732 7.20146326 7.32256955 7.32261611 7.75506270 7.75516190 8.60726950 8.60735082 9.02874116 9.02879770 9.37650878 9.37659302 9.64349910 9.64355704 10.43112744 10.43118727 10.59075608 10.59082721 10.85406800 10.85416883 16.48642502 16.48650051 16.89754970 16.89756361 16.98778457 16.98782209 17.34728086 17.34734196 18.18054128 18.18060972
   3 0.23258289 -48.76309201 -48.75579054 -48.74923464 -48.74856032 -18.49044758 -18.46339388 -18.39777067 -18.39417751 -18.36249304 -18.33954981 -18.29561280 -18.27300154 -18.23673231 -18.22900264 -18.20433772 -18.18983474 -6.26835197 -5.45023282 -5.41064045 -5.25102298 -5.12386447 -4.85159042 -4.75252651 -4.68873116 6.01794839 6.07125806 6.74269780 6.83949792 6.84921802 7.05014257 7.23955733 7.39876125 7.91450710 8.19302503 8.61512615 8.62080747 8.76931676 8.96407193 9.58057548 9.58426351 9.87460451 9.94182848 10.20624829 10.40743425 10.41425777 10.76312228 11.13160501 11.14421764 15.91381735 16.18908658 16.29987813 16.78071031 16.92588776 17.50798413 17.68646701 17.84672093 18.15826201 18.38193425
   4 0.32786184 -48.75851111 -48.75839999 -48.74982226 -48.74971230 -18.48841075 -18.48839617 -18.40824999 -18.40823791 -18.38275138 -18.38267494 -18.25753798 -18.25743244 -18.22522911 -18.22518619 -18.17660317 -18.17659135 -5.91262413 -5.91249589 -5.25446782 -5.25441038 -5.02814842 -5.02810252 -4.73471890 -4.73461666 6.41268433 6.41277890 6.78223801 6.78229666 7.09313114 7.09318411 8.01187758 8.01196465 8.13306440 8.13310666 8.50493566 8.50500993 8.62323287 8.62332300 8.96614424 8.96620319 9.68425153 9.68435473 10.14335457 10.14341910 10.55533127 10.55545475 10.74330230 10.74333780 15.95684494 15.95686710 16.44296954 16.44301501 16.97354497 16.97358214 17.62433811 17.62435772 18.12560500 18.12562608
   5 0.46734724 -48.76790417 -48.75011292 -48.74965799 -48.74894618 -18.56496681 -18.54552426 -18.54551198 -18.34530009 -18.29081678 -18.28204816 -18.27691867 -18.26298955 -18.24126185 -18.16705329 -18.16603814 -18.15757705 -6.79193848 -5.47556897 -5.33788415 -5.26115085 -4.88200511 -4.75382173 -4.67755234 -4.54859238 5.79215258 5.86522201 5.90064751 6.59189013 6.79287878 6.87360214 7.89449696 7.92139488 8.04022852 8.17826626 8.47724510 8.85412927 9.02936442 9.27472412 9.38660612 9.72443661 9.88694503 10.13600388 10.16806846 10.17962173 10.31789204 10.98130415 11.11104257 11.26310441 16.16042595 16.44994587 16.57533528 17.02565684 17.03849736 17.22995461 17.25296503 17.44033105 17.50572910 18.12464672
   6 0.56262619 -48.76005638 -48.75992116 -48.74834627 -48.74821335 -18.46102506 -18.46093152 -18.43882539 -18.43875766 -18.36175600 -18.36171359 -18.26420984 -18.26413990 -18.21712929 -18.21708814 -18.19248272 -18.19243703 -6.02311473 -6.02298924 -5.21762353 -5.21748156 -4.91704049 -4.91692107 -4.76143552 -4.76133173 6.38776652 6.38783702 6.71757605 6.71761271 7.23480575 7.23488683 7.33138754 7.33142803 7.75321987 7.75330101 8.57233842 8.57241726 9.02076094 9.02081970 9.31757387 9.31764837 9.67573920 9.67579120 10.34528146 10.34535349 10.56588378 10.56593550 10.80910018 10.80919573 16.44778506 16.44785061 16.88414367 16.88419024 17.02000691 17.02008278 17.33892630 17.33900244 18.23524469 18.23531356
   7 0.69993014 -48.76253543 -48.75553779 -48.74947696 -48.74910746 -18.49486672 -18.45688571 -18.40776718 -18.40645944 -18.35839837 -18.35553507 -18.28494970 -18.26469478 -18.23058424 -18.22187888 -18.19905446 -18.19581739 -6.23373798 -5.43580472 -5.39359337 -5.29905874 -5.13708202 -4.87508339 -4.74944105 -4.68602970 6.07590630 6.11834219 6.80435323 6.81525076 6.85521908 7.09645221 7.34125436 7.34739865 7.96444042 8.17221280 8.60465634 8.66190212 8.70760213 8.99912164 9.55321862 9.56059020 9.88328309 9.92504386 10.11068037 10.32137746 10.41159611 10.65007811 11.11220694 11.11695469 15.99651423 16.17206444 16.18460949 16.73475102 16.80995704 17.57985671 17.67473781 17.82999453 18.03957801 18.43138587
   8 0.79520908 -48.75817033 -48.75805899 -48.75015243 -48.75004266 -18.50843602 -18.50841318 -18.44392333 -18.44387907 -18.34077230 -18.34072608 -18.24580867 -18.24571299 -18.22079554 -18.22074441 -18.17789021 -18.17787347 -5.90799972 -5.90787620 -5.34751037 -5.34745476 -4.95231875 -4.95229666 -4.72204332 -4.72194900 6.49001427 6.49010294 6.79713432 6.79718855 7.11359188 7.11364834 7.87733513 7.87738158 8.18457981 8.18463099 8.36657704 8.36664944 8.81887659 8.81893717 9.04483228 9.04489515 9.69623103 9.69632475 10.07446976 10.07453205 10.44941360 10.44953917 10.70970125 10.70974035 15.91809490 15.91812058 16.49293889 16.49298351 16.87779360 16.87784194 17.61323220 17.61326539 18.11576177 18.11578319
   9 0.93469449 -48.76571027 -48.75119159 -48.75003185 -48.74968242 -18.52775264 -18.52717078 -18.51676902 -18.37894328 -18.30542325 -18.28345420 -18.27878842 -18.26876471 -18.22773592 -18.19720676 -18.17662662 -18.16819042 -6.61244132 -5.44374633 -5.44155375 -5.27746990 -4.94203483 -4.73671887 -4.72474253 -4.57919524 5.84543432 6.00253366 6.28285363 6.63980942 6.88205325 7.24024171 7.57102383 7.67011064 7.88614538 8.25651693 8.30284167 8.87571017 8.99450037 9.15676955 9.41158933 9.61243910 9.73963046 9.85446579 10.17566206 10.24781203 10.44512811 10.95104818 11.05566866 11.16716756 16.03850923 16.37264166 16.46041118 16.87852371 17.14646906 17.25683210 17.30140490 17.40492014 18.11709997 18.35163553
  10 1.02997343 -48.75867578 -48.75854028 -48.74970975 -48.74957698 -18.46487807 -18.46481081 -18.43359386 -18.43355120 -18.36285746 -18.36282070 -18.26123177 -18.26118889 -18.22771785 -18.22769932 -18.18694149 -18.18690717 -5.93325630 -5.93312947 -5.31804853 -5.31791083 -4.89694141 -4.89682726 -4.78241449 -4.78231082 6.57595929 6.57599419 6.82551058 6.82553840 7.22163265 7.22172188 7.44691360 7.44697175 7.76630702 7.76637169 8.49214951 8.49222402 8.83710281 8.83714554 9.34362305 9.34369566 9.70695747 9.70701610 10.09734219 10.09742546 10.45388731 10.45391996 10.77959053 10.77966133 16.37357077 16.37362858 16.76787250 16.76791396 17.14881991 17.14886774 17.39766824 17.39776340 18.29397778 18.29404628
  11 1.16727738 -48.76095085 -48.75481663 -48.75068674 -48.75015786 -18.50188896 -18.44205288 -18.43455239 -18.42852584 -18.37990340 -18.34204469 -18.27384664 -18.26205890 -18.21513816 -18.21086411 -18.19700099 -18.19028191 -6.13418464 -5.42664665 -5.39924301 -5.33973033 -5.17421649 -4.94038111 -4.74023278 -4.68491676 6.12427103 6.38893054 6.73616905 6.90331024 7.01179745 7.17051991 7.20681278 7.57394804 8.06852388 8.09015888 8.54644764 8.62359770 8.75517517 9.10169496 9.45640043 9.52789747 9.75344736 9.89508924 9.99591225 10.08732376 10.39601136 10.40628849 11.03470126 11.06687910 15.97170202 16.10523653 16.13866084 16.57856304 16.71634420 17.65871551 17.66529451 17.80166442 17.84270300 18.22411169
  12 1.26255632 -48.75720403 -48.75709194 -48.75108410 -48.75097499 -18.54006442 -18.54003888 -18.49097028 -18.49093238 -18.28527253 -18.28522735 -18.22948993 -18.22941602 -18.20872589 -18.20865629 -18.18030711 -18.18027297 -5.88922852 -5.88911669 -5.50227457 -5.50221032 -4.84252794 -4.84251568 -4.69594927 -4.69587319 6.66513403 6.66518840 6.88721270 6.88724698 7.16488841 7.16495800 7.61433580 7.61434906 8.21508750 8.21514489 8.36945726 8.36950150 8.98951150 8.98952703 9.15174324 9.15179241 9.72381433 9.72384627 9.94841703 9.94848989 10.17678326 10.17686095 10.65435226 10.65438879 15.84481897 15.84484643 16.49156572 16.49160334 16.79040050 16.79046535 17.55147156 17.55151355 18.08237444 18.08238900
  13 1.40204173 -48.76240408 -48.75453364 -48.74994322 -48.74973346 -18.49946131 -18.47535651 -18.47305709 -18.42092361 -18.34483620 -18.30742932 -18.27455204 -18.27140317 -18.21780721 -18.20837105 -18.19151316 -18.18287884 -6.34013535 -5.68955818 -5.39505179 -5.30639048 -4.93200529 -4.79364835 -4.70736880 -4.62217300 5.94686737 6.25444052 6.64196762 6.81771726 7.08860157 7.32645829 7.39182349 7.40617819 7.67824835 8.21231780 8.46642757 8.50144580 9.03144546 9.13209261 9.25773977 9.36501341 9.42456354 9.71665861 10.24964992 10.30338880 10.70549122 10.94256313 11.01148990 11.07340389 15.92561132 16.09784143 16.50321687 16.71942719 17.29215740 17.30895246 17.33121287 17.45871610 18.56501751 18.69476070
  14 1.49732068 -48.75661069 -48.75647424 -48.75175448 -48.75162253 -18.46315326 -18.46311034 -18.44040818 -18.44036992 -18.34722045 -18.34712303 -18.28365538 -18.28354798 -18.21593693 -18.21589154 -18.18873922 -18.18872412 -5.79679821 -5.79666933 -5.46414710 -5.46401271 -4.87035783 -4.87024734 -4.81026008 -4.81015509 6.74280242 6.74285519 6.94558652 6.94564681 7.30349005 7.30359403 7.57246072 7.57250205 7.79702712 7.79710123 8.38802436 8.38809360 8.62661553 8.62668293 9.26846501 9.26853523 9.73592073 9.73596645 9.82582575 9.82589905 10.45902544 10.45906132 10.70360078 10.70365401 16.34933072 16.34938700 16.58688454 16.58693507 17.32995439 17.33000154 17.48513108 17.48521621 18.32382556 18.32389268
  15 1.63462462 -48.75858480 -48.75374115 -48.75302459 -48.75120803 -18.50171587 -18.46525075 -18.44392971 -18.43933269 -18.37609895 -18.31542533 -18.30534295 -18.25738973 -18.21428766 -18.19172172 -18.18844498 -18.18046493 -5.98206912 -5.60247982 -5.34885447 -5.25246575 -5.22818964 -5.03570863 -4.72560489 -4.69275197 6.25275113 6.62137447 6.69450887 7.04771299 7.09979960 7.23134970 7.23680173 7.77258332 7.85185521 8.25731295 8.31330114 8.70669597 8.79037659 9.26113789 9.29608064 9.53010431 9.55045860 9.81561652 9.86936625 9.91861401 10.25013137 10.33250860 10.95827832 10.99104527 15.83686769 15.99112793 16.13141010 16.36214780 16.96799229 17.59696386 17.65348955 17.71718752 17.81146682 18.03432414
  16 1.72990357 -48.75577731 -48.75566309 -48.75246857 -48.75236147 -18.55816644 -18.55813984 -18.53133494 -18.53130294 -18.24082037 -18.24075127 -18.21711042 -18.21701469 -18.20284113 -18.20276336 -18.18180496 -18.18176127 -5.84501608 -5.84491800 -5.64862278 -5.64854840 -4.75474847 -4.75472046 -4.68199339 -4.68193585 6.81153364 6.81158090 7.06017480 7.06022674 7.21774079 7.21782857 7.42492968 7.42497807 8.19782123 8.19786547 8.49109440 8.49111453 8.94278474 8.94281988 9.20269333 9.20271314 9.63493932 9.63501633 9.78260247 9.78263128 10.19821634 10.19826419 10.55076478 10.55079296 15.83367726 15.83370005 16.22072492 16.22074307 16.98171644 16.98175633 17.41343625 17.41346820 18.09702505 18.09705791
  17 1.86938898 -48.75852956 -48.75842861 -48.74987974 -48.74978314 -18.46278893 -18.46273480 -18.44087955 -18.44080825 -18.35861322 -18.35857509 -18.26907523 -18.26902303 -18.20654138 -18.20648690 -18.19827982 -18.19821503 -6.01410419 -6.01403219 -5.34712760 -5.34704564 -4.87013311 -4.87010791 -4.66762436 -4.66760152 6.15729882 6.15734175 6.91672988 6.91679308 7.14899951 7.14902986 7.50412602 7.50418345 7.70171475 7.70176237 8.67060223 8.67068818 8.75423395 8.75429696 9.40251359 9.40256258 9.45881876 9.45885772 10.30460383 10.30463833 10.87749725 10.87750399 11.01600382 11.01605962 15.92949976 15.92956272 16.58867441 16.58872571 17.32505619 17.32515165 17.43628135 17.43633961 18.67822017 18.67825681
  18 1.96466792 -48.75428199 -48.75409022 -48.75403456 -48.75403374 -18.45385218 -18.45382404 -18.45376912 -18.45376555 -18.31695250 -18.31678234 -18.31675867 -18.31674533 -18.19928854 -18.19927065 -18.19921536 -18.19918032 -5.63253465 -5.63232588 -5.63232023 -5.63227674 -4.84065453 -4.84053050 -4.84052704 -4.84043242 6.87558201 6.87567447 6.87568377 6.87571665 7.52125380 7.52136759 7.52140130 7.52141416 8.01379367 8.01385805 8.01389593 8.01392586 8.89684170 8.89689802 8.89693835 8.89694773 9.77100521 9.77107271 9.77108409 9.77112431 10.56962775 10.56969346 10.56973335 10.56980710 16.42631933 16.42633627 16.42640215 16.42644995 17.47040085 17.47044463 17.47047879 17.47050143 18.39623593 18.39628811
  19 2.10197187 -48.75585684 -48.75575360 -48.75250777 -48.75241295 -18.48938270 -18.48936712 -18.44664375 -18.44659843 -18.34341283 -18.34333509 -18.28417156 -18.28408872 -18.19793014 -18.19791668 -18.17854308 -18.17853210 -5.79677069 -5.79668592 -5.28952275 -5.28945198 -5.14553127 -5.14549366 -4.70815090 -4.70814205 6.44117234 6.44122151 6.88679212 6.88682718 7.29242914 7.29248640 7.49513564 7.49516362 8.02214153 8.02216148 8.46953595 8.46957770 9.06656274 9.06659802 9.43889041 9.43891856 9.61297620 9.61302005 9.84652414 9.84660039 10.25913690 10.25924284 10.93900222 10.93902101 15.85224899 15.85230567 16.19785871 16.19791753 17.33351087 17.33355589 17.66353504 17.66360104 17.89214397 17.89221922
  20 2.19725081 -48.75423123 -48.75403806 -48.75398350 -48.75398185 -18.55534048 -18.55532748 -18.55531086 -18.55526677 -18.21904346 -18.21898949 -18.21892075 -18.21889981 -18.19118651 -18.19114060 -18.19105021 -18.19104381 -5.76562810 -5.76546168 -5.76542020 -5.76541616 -4.69984201 -4.69979861 -4.69973574 -4.69967202 6.96235177 6.96239049 6.96242449 6.96243567 7.35143115 7.35149323 7.35151430 7.35155786 8.35284705 8.35288412 8.35292487 8.35297430 9.02729481 9.02732641 9.02736258 9.02737038 9.66758773 9.66763648 9.66765214 9.66769188 10.38889978 10.38892707 10.38897639 10.38898389 15.96188963 15.96191657 15.96194175 15.96195187 17.21288572 17.21292414 17.21301537 17.21303547 18.23786617 18.23790692
  21 2.33673622 -48.76240408 -48.75453364 -48.74994322 -48.74973346 -18.49946131 -18.47535651 -18.47305709 -18.42092361 -18.34483620 -18.30742932 -18.27455204 -18.27140317 -18.21780721 -18.20837105 -18.19151316 -18.18287884 -6.34013535 -5.68955818 -5.39505179 -5.30639048 -4.93200529 -4.79364835 -4.70736880 -4.62217300 5.94686737 6.25444052 6.64196762 6.81771726 7.08860157 7.32645829 7.39182349 7.40617819 7.67824835 8.21231780 8.46642757 8.50144580 9.03144546 9.13209261 9.25773977 9.36501341 9.42456354 9.71665861 10.24964992 10.30338880 10.70549122 10.94256313 11.01148990 11.07340389 15.92561132 16.09784143 16.50321687 16.71942719 17.29215740 17.30895246 17.33121287 17.45871610 18.56501751 18.69476070
  22 2.43201516 -48.75661069 -48.75647424 -48.75175448 -48.75162253 -18.46315326 -18.46311034 -18.44040818 -18.44036992 -18.34722045 -18.34712303 -18.28365538 -18.28354798 -18.21593693 -18.21589154 -18.18873922 -18.18872412 -5.79679821 -5.79666933 -5.46414710 -5.46401271 -4.87035783 -4.87024734 -4.81026008 -4.81015509 6.74280242 6.74285519 6.94558652 6.94564681 7.30349005 7.30359403 7.57246072 7.57250205 7.79702712 7.79710123 8.38802436 8.38809360 8.62661553 8.62668293 9.26846501 9.26853523 9.73592073 9.73596645 9.82582575 9.82589905 10.45902544 10.45906132 10.70360078 10.70365401 16.34933072 16.34938700 16.58688454 16.58693507 17.32995439 17.33000154 17.48513108 17.48521621 18.32382556 18.32389268
  23 2.56931911 -48.75858480 -48.75374115 -48.75302459 -48.75120803 -18.50171587 -18.46525075 -18.44392971 -18.43933269 -18.37609895 -18.31542533 -18.30534295 -18.25738973 -18.21428766 -18.19172172 -18.18844498 -18.18046493 -5.98206912 -5.60247982 -5.34885447 -5.25246575 -5.22818964 -5.03570863 -4.72560489 -4.69275197 6.25275113 6.62137447 6.69450887 7.04771299 7.09979960 7.23134970 7.23680173 7.77258332 7.85185521 8.25731295 8.31330114 8.70669597 8.79037659 9.26113789 9.29608064 9.53010431 9.55045860 9.81561652 9.86936625 9.91861401 10.25013137 10.33250860 10.95827832 10.99104527 15.83686769 15.99112793 16.13141010 16.36214780 16.96799229 17.59696386 17.65348955 17.71718752 17.81146682 18.03432414
  24 2.66459806 -48.75577731 -48.75566309 -48.75246857 -48.75236147 -18.55816644 -18.55813984 -18.53133494 -18.53130294 -18.24082037 -18.24075127 -18.21711042 -18.21701469 -18.20284113 -18.20276336 -18.18180496 -18.18176127 -5.84501608 -5.84491800 -5.64862278 -5.64854840 -4.75474847 -4.75472046 -4.68199339 -4.68193585 6.81153364 6.81158090 7.06017480 7.06022674 7.21774079 7.21782857 7.42492968 7.42497807 8.19782123 8.19786547 8.49109440 8.49111453 8.94278474 8.94281988 9.20269333 9.20271314 9.63493932 9.63501633 9.78260247 9.78263128 10.19821634 10.19826419 10.55076478 10.55079296 15.83367726 15.83370005 16.22072492 16.22074307 16.98171644 16.98175633 17.41343625 17.41346820 18.09702505 18.09705791
  25 2.80408346 -48.76571027 -48.75119159 -48.75003185 -48.74968242 -18.52775264 -18.52717078 -18.51676902 -18.37894328 -18.30542325 -18.28345420 -18.27878842 -18.26876471 -18.22773592 -18.19720676 -18.17662662 -18.16819042 -6.61244132 -5.44374633 -5.44155375 -5.27746990 -4.94203483 -4.73671887 -4.72474253 -4.57919524 5.84543432 6.00253366 6.28285363 6.63980942 6.88205325 7.24024171 7.57102383 7.67011064 7.88614538 8.25651693 8.30284167 8.87571017 8.99450037 9.15676955 9.41158933 9.61243910 9.73963046 9.85446579 10.17566206 10.24781203 10.44512811 10.95104818 11.05566866 11.16716756 16.03850923 16.37264166 16.46041118 16.87852371 17.14646906 17.25683210 17.30140490 17.40492014 18.11709997 18.35163553
  26 2.89936241 -48.75867578 -48.75854028 -48.74970975 -48.74957698 -18.46487807 -18.46481081 -18.43359386 -18.43355120 -18.36285746 -18.36282070 -18.26123177 -18.26118889 -18.22771785 -18.22769932 -18.18694149 -18.18690717 -5.93325630 -5.93312947 -5.31804853 -5.31791083 -4.89694141 -4.89682726 -4.78241449 -4.78231082 6.57595929 6.57599419 6.82551058 6.82553840 7.22163265 7.22172188 7.44691360 7.44697175 7.76630702 7.76637169 8.49214951 8.49222402 8.83710281 8.83714554 9.34362305 9.34369566 9.70695747 9.70701610 10.09734219 10.09742546 10.45388731 10.45391996 10.77959053 10.77966133 16.37357077 16.37362858 16.76787250 16.76791396 17.14881991 17.14886774 17.39766824 17.39776340 18.29397778 18.29404628
  27 3.03666636 -48.76095085 -48.75481663 -48.75068674 -48.75015786 -18.50188896 -18.44205288 -18.43455239 -18.42852584 -18.37990340 -18.34204469 -18.27384664 -18.26205890 -18.21513816 -18.21086411 -18.19700099 -18.19028191 -6.13418464 -5.42664665 -5.39924301 -5.33973033 -5.17421649 -4.94038111 -4.74023278 -4.68491676 6.12427103 6.38893054 6.73616905 6.90331024 7.01179745 7.17051991 7.20681278 7.57394804 8.06852388 8.09015888 8.54644764 8.62359770 8.75517517 9.10169496 9.45640043 9.52789747 9.75344736 9.89508924 9.99591225 10.08732376 10.39601136 10.40628849 11.03470126 11.06687910 15.97170202 16.10523653 16.13866084 16.57856304 16.71634420 17.65871551 17.66529451 17.80166442 17.84270300 18.22411169
  28 3.13194530 -48.75720403 -48.75709194 -48.75108410 -48.75097499 -18.54006442 -18.54003888 -18.49097028 -18.49093238 -18.28527253 -18.28522735 -18.22948993 -18.22941602 -18.20872589 -18.20865629 -18.18030711 -18.18027297 -5.88922852 -5.88911669 -5.50227457 -5.50221032 -4.84252794 -4.84251568 -4.69594927 -4.69587319 6.66513403 6.66518840 6.88721270 6.88724698 7.16488841 7.16495800 7.61433580 7.61434906 8.21508750 8.21514489 8.36945726 8.36950150 8.98951150 8.98952703 9.15174324 9.15179241 9.72381433 9.72384627 9.94841703 9.94848989 10.17678326 10.17686095 10.65435226 10.65438879 15.84481897 15.84484643 16.49156572 16.49160334 16.79040050 16.79046535 17.55147156 17.55151355 18.08237444 18.08238900
  29 3.27143071 -48.76790417 -48.75011292 -48.74965799 -48.74894618 -18.56496681 -18.54552426 -18.54551198 -18.34530009 -18.29081678 -18.28204816 -18.27691867 -18.26298955 -18.24126185 -18.16705329 -18.16603814 -18.15757705 -6.79193848 -5.47556897 -5.33788415 -5.26115085 -4.88200511 -4.75382173 -4.67755234 -4.54859238 5.79215258 5.86522201 5.90064751 6.59189013 6.79287878 6.87360214 7.89449696 7.92139488 8.04022852 8.17826626 8.47724510 8.85412927 9.02936442 9.27472412 9.38660612 9.72443661 9.88694503 10.13600388 10.16806846 10.17962173 10.31789204 10.98130415 11.11104257 11.26310441 16.16042595 16.44994587 16.57533528 17.02565684 17.03849736 17.22995461 17.25296503 17.44033105 17.50572910 18.12464672
  30 3.36670965 -48.76005638 -48.75992116 -48.74834627 -48.74821335 -18.46102506 -18.46093152 -18.43882539 -18.43875766 -18.36175600 -18.36171359 -18.26420984 -18.26413990 -18.21712929 -18.21708814 -18.19248272 -18.19243703 -6.02311473 -6.02298924 -5.21762353 -5.21748156 -4.91704049 -4.91692107 -4.76143552 -4.76133173 6.38776652 6.38783702 6.71757605 6.71761271 7.23480575 7.23488683 7.33138754 7.33142803 7.75321987 7.75330101 8.57233842 8.57241726 9.02076094 9.02081970 9.31757387 9.31764837 9.67573920 9.67579120 10.34528146 10.34535349 10.56588378 10.56593550 10.80910018 10.80919573 16.44778506 16.44785061 16.88414367 16.88419024 17.02000691 17.02008278 17.33892630 17.33900244 18.23524469 18.23531356
  31 3.50401360 -48.76253543 -48.75553779 -48.74947696 -48.74910746 -18.49486672 -18.45688571 -18.40776718 -18.40645944 -18.35839837 -18.35553507 -18.28494970 -18.26469478 -18.23058424 -18.22187888 -18.19905446 -18.19581739 -6.23373798 -5.43580472 -5.39359337 -5.29905874 -5.13708202 -4.87508339 -4.74944105 -4.68602970 6.07590630 6.11834219 6.80435323 6.81525076 6.85521908 7.09645221 7.34125436 7.34739865 7.96444042 8.17221280 8.60465634 8.66190212 8.70760213 8.99912164 9.55321862 9.56059020 9.88328309 9.92504386 10.11068037 10.32137746 10.41159611 10.65007811 11.11220694 11.11695469 15.99651423 16.17206444 16.18460949 16.73475102 16.80995704 17.57985671 17.67473781 17.82999453 18.03957801 18.43138587
  32 3.59929254 -48.75817033 -48.75805899 -48.75015243 -48.75004266 -18.50843602 -18.50841318 -18.44392333 -18.44387907 -18.34077230 -18.34072608 -18.24580867 -18.24571299 -18.22079554 -18.22074441 -18.17789021 -18.17787347 -5.90799972 -5.90787620 -5.34751037 -5.34745476 -4.95231875 -4.95229666 -4.72204332 -4.72194900 6.49001427 6.49010294 6.79713432 6.79718855 7.11359188 7.11364834 7.87733513 7.87738158 8.18457981 8.18463099 8.36657704 8.36664944 8.81887659 8.81893717 9.04483228 9.04489515 9.69623103 9.69632475 10.07446976 10.07453205 10.44941360 10.44953917 10.70970125 10.70974035 15.91809490 15.91812058 16.49293889 16.49298351 16.87779360 16.87784194 17.61323220 17.61326539 18.11576177 18.11578319
